0 0.8 1.6 2.4 3.2 4 4.8 5.6 6.4 7.2 8 
0 0.77946 1.56407 2.35271 3.14481 3.93988 4.73742 5.53722 6.33848 7.14164 7.94547 
0 0.799765 1.59959 2.39946 3.19937 3.99931 4.79928 5.59928 6.39929 7.19933 7.99937 
0 0.779692 1.56448 2.35324 3.14543 3.94056 4.73814 5.53793 6.33918 7.1423 7.94609 
0 0.799536 1.59919 2.39893 3.19875 3.99863 4.79858 5.59857 6.3986 7.19867 7.99876 
0 0.779919 1.56487 2.35377 3.14604 3.94123 4.73883 5.53863 6.33986 7.14295 7.9467 
0 0.799312 1.59879 2.39841 3.19814 3.99798 4.79789 5.59788 6.39792 7.19803 7.99816 
0 0.78014 1.56526 2.35428 3.14664 3.94188 4.73951 5.53931 6.34053 7.14359 7.94729 
0 0.799093 1.59841 2.39791 3.19755 3.99733 4.79722 5.59721 6.39726 7.1974 7.99757 
0 0.780356 1.56564 2.35478 3.14723 3.94252 4.74017 5.53998 6.34118 7.14421 7.94787 
0 0.79888 1.59804 2.39741 3.19698 3.9967 4.79656 5.59655 6.39662 7.19679 7.997 
0 0.780568 1.56601 2.35527 3.1478 3.94314 4.74082 5.54063 6.34182 7.14481 7.94843 
0 0.798671 1.59767 2.39693 3.19641 3.99609 4.79592 5.59591 6.39599 7.19619 7.99644 
0 0.780774 1.56637 2.35574 3.14835 3.94375 4.74145 5.54127 6.34245 7.1454 7.94899 
0 0.798466 1.59731 2.39646 3.19586 3.99549 4.7953 5.59528 6.39537 7.19561 7.9959 
0 0.780976 1.56673 2.35621 3.1489 3.94434 4.74207 5.54189 6.34305 7.14598 7.94953 
0 0.798267 1.59696 2.396 3.19532 3.9949 4.79469 5.59466 6.39477 7.19504 7.99536 
0 0.781173 1.56707 2.35667 3.14943 3.94492 4.74268 5.54249 6.34365 7.14655 7.95005 
0 0.798072 1.59662 2.39555 3.1948 3.99432 4.79409 5.59406 6.39418 7.19448 7.99484 
0 0.781366 1.56741 2.35711 3.14995 3.94549 4.74327 5.54309 6.34423 7.1471 7.95057 
0 0.797881 1.59629 2.39511 3.19428 3.99376 4.7935 5.59348 6.3936 7.19393 7.99433 
0 0.781554 1.56774 2.35755 3.15046 3.94604 4.74385 5.54367 6.3448 7.14764 7.95107 
0 0.797695 1.59596 2.39468 3.19378 3.99322 4.79293 5.5929 6.39304 7.1934 7.99383 
0 0.781738 1.56806 2.35797 3.15096 3.94659 4.74441 5.54423 6.34536 7.14817 7.95157 
0 0.797513 1.59564 2.39426 3.19329 3.99268 4.79237 5.59234 6.39249 7.19288 7.99335 
0 0.781918 1.56838 2.35839 3.15144 3.94712 4.74496 5.54479 6.3459 7.14868 7.95205 
0 0.797336 1.59533 2.39385 3.19281 3.99216 4.79183 5.5918 6.39196 7.19237 7.99287 
0 0.782094 1.56869 2.35879 3.15192 3.94763 4.7455 5.54533 6.34643 7.14918 7.95252 
0 0.797162 1.59503 2.39345 3.19234 3.99165 4.7913 5.59126 6.39143 7.19187 7.99241 
0 0.782266 1.56899 2.35919 3.15238 3.94814 4.74603 5.54586 6.34695 7.14968 7.95298 
0 0.796992 1.59473 2.39305 3.19188 3.99115 4.79078 5.59074 6.39092 7.19138 7.99195 
0 0.782433 1.56928 2.35958 3.15283 3.94863 4.74654 5.54637 6.34745 7.15016 7.95343 
0 0.796826 1.59444 2.39267 3.19143 3.99066 4.79027 5.59023 6.39042 7.19091 7.99151 
0 0.782597 1.56957 2.35995 3.15327 3.94911 4.74705 5.54688 6.34795 7.15063 7.95386 
0 0.796664 1.59416 2.3923 3.191 3.99018 4.78977 5.58973 6.38993 7.19045 7.99107 
0 0.782757 1.56985 2.36032 3.15371 3.94959 4.74754 5.54737 6.34843 7.15108 7.95429 
0 0.796506 1.59388 2.39193 3.19057 3.98972 4.78929 5.58924 6.38945 7.18999 7.99065 
0 0.782914 1.57012 2.36069 3.15413 3.95005 4.74802 5.54785 6.34891 7.15153 7.95471 
0 0.796351 1.59361 2.39157 3.19015 3.98926 4.78881 5.58877 6.38898 7.18955 7.99024 
0 0.783067 1.57039 2.36104 3.15454 3.9505 4.74849 5.54832 6.34937 7.15197 7.95512 
0 0.7962 1.59334 2.39122 3.18974 3.98882 4.78835 5.5883 6.38853 7.18912 7.98983 
0 0.783216 1.57065 2.36138 3.15495 3.95094 4.74894 5.54879 6.34982 7.1524 7.95552 
0 0.796052 1.59308 2.39088 3.18934 3.98838 4.78789 5.58784 6.38808 7.18869 7.98944 
0 0.783362 1.57091 2.36172 3.15534 3.95137 4.74939 5.54923 6.35026 7.15282 7.95591 
0 0.795908 1.59283 2.39055 3.18896 3.98796 4.78745 5.5874 6.38765 7.18828 7.98905 
0 0.783505 1.57116 2.36205 3.15572 3.95179 4.74983 5.54967 6.35069 7.15323 7.95629 
0 0.795767 1.59258 2.39022 3.18857 3.98754 4.78702 5.58697 6.38722 7.18787 7.98867 
0 0.783645 1.5714 2.36237 3.1561 3.9522 4.75026 5.5501 6.35111 7.15363 7.95667 
0 0.795629 1.59234 2.3899 3.1882 3.98713 4.7866 5.58654 6.3868 7.18748 7.9883 
0 0.783781 1.57164 2.36269 3.15647 3.9526 4.75067 5.55052 6.35152 7.15402 7.95703 
0 0.795494 1.59211 2.38959 3.18784 3.98674 4.78618 5.58613 6.3864 7.18709 7.98794 
0 0.783914 1.57187 2.363 3.15683 3.95299 4.75108 5.55093 6.35192 7.1544 7.95739 
0 0.795363 1.59187 2.38929 3.18748 3.98635 4.78578 5.58572 6.386 7.18672 7.98759 
0 0.784044 1.5721 2.3633 3.15718 3.95337 4.75148 5.55133 6.35232 7.15477 7.95774 
0 0.795234 1.59165 2.38899 3.18714 3.98597 4.78539 5.58533 6.38561 7.18635 7.98725 
0 0.784171 1.57233 2.36359 3.15752 3.95375 4.75187 5.55172 6.3527 7.15513 7.95808 
0 0.795108 1.59143 2.3887 3.1868 3.9856 4.785 5.58494 6.38523 7.18599 7.98691 
0 0.784295 1.57254 2.36388 3.15786 3.95411 4.75225 5.55211 6.35308 7.15549 7.95841 
0 0.794986 1.59121 2.38842 3.18647 3.98524 4.78462 5.58456 6.38486 7.18564 7.98658 
0 0.784417 1.57276 2.36416 3.15819 3.95447 4.75262 5.55248 6.35344 7.15584 7.95873 
0 0.794866 1.591 2.38814 3.18614 3.98489 4.78426 5.58419 6.3845 7.18529 7.98626 
0 0.784535 1.57296 2.36443 3.15851 3.95482 4.75299 5.55285 6.3538 7.15618 7.95905 
0 0.794748 1.5908 2.38787 3.18583 3.98454 4.7839 5.58383 6.38415 7.18496 7.98595 
0 0.784651 1.57317 2.3647 3.15882 3.95516 4.75334 5.5532 6.35415 7.15651 7.95936 
0 0.794634 1.5906 2.38761 3.18552 3.98421 4.78354 5.58348 6.3838 7.18463 7.98564 
0 0.784765 1.57337 2.36496 3.15912 3.95549 4.75369 5.55355 6.35449 7.15683 7.95966 
0 0.794522 1.5904 2.38735 3.18521 3.98388 4.7832 5.58313 6.38346 7.18431 7.98534 
0 0.784875 1.57356 2.36522 3.15942 3.95582 4.75403 5.55389 6.35483 7.15715 7.95996 
0 0.794412 1.59021 2.3871 3.18492 3.98355 4.78287 5.5828 6.38313 7.184 7.98505 
0 0.784983 1.57375 2.36547 3.15971 3.95614 4.75436 5.55423 6.35515 7.15746 7.96025 
0 0.794306 1.59002 2.38685 3.18463 3.98324 4.78254 5.58247 6.38281 7.18369 7.98476 
0 0.785089 1.57393 2.36571 3.16 3.95645 4.75469 5.55455 6.35547 7.15776 7.96053 
0 0.794201 1.58984 2.38661 3.18435 3.98293 4.78222 5.58215 6.38249 7.18339 7.98448 
0 0.785192 1.57411 2.36595 3.16028 3.95675 4.755 5.55487 6.35578 7.15806 7.96081 
0 0.794099 1.58966 2.38637 3.18407 3.98263 4.7819 5.58183 6.38219 7.1831 7.98421 
0 0.785293 1.57429 2.36618 3.16055 3.95705 4.75531 5.55518 6.35609 7.15835 7.96108 
0 0.793999 1.58949 2.38614 3.1838 3.98234 4.7816 5.58152 6.38188 7.18281 7.98394 
0 0.785392 1.57446 2.36641 3.16082 3.95734 4.75561 5.55548 6.35639 7.15863 7.96134 
0 0.793902 1.58932 2.38592 3.18354 3.98205 4.7813 5.58122 6.38159 7.18253 7.98368 
0 0.785488 1.57463 2.36663 3.16108 3.95762 4.75591 5.55578 6.35668 7.15891 7.9616 
0 0.793807 1.58915 2.3857 3.18328 3.98177 4.78101 5.58093 6.3813 7.18226 7.98343 
0 0.785582 1.5748 2.36685 3.16133 3.9579 4.7562 5.55607 6.35696 7.15918 7.96185 
0 0.793714 1.58899 2.38548 3.18303 3.9815 4.78072 5.58064 6.38102 7.18199 7.98318 
0 0.785674 1.57496 2.36706 3.16158 3.95817 4.75648 5.55635 6.35724 7.15944 7.9621 
0 0.793623 1.58883 2.38527 3.18279 3.98123 4.78044 5.58036 6.38075 7.18173 7.98293 
0 0.785764 1.57512 2.36727 3.16182 3.95843 4.75676 5.55663 6.35751 7.1597 7.96234 
0 0.793534 1.58867 2.38507 3.18255 3.98097 4.78017 5.58009 6.38048 7.18148 7.9827 
0 0.785852 1.57527 2.36747 3.16206 3.95869 4.75703 5.5569 6.35777 7.15995 7.96257 
0 0.793447 1.58852 2.38487 3.18231 3.98071 4.77991 5.57982 6.38022 7.18123 7.98246 
0 0.785938 1.57542 2.36767 3.16229 3.95895 4.75729 5.55716 6.35803 7.16019 7.9628 
0 0.793362 1.58837 2.38467 3.18208 3.98046 4.77964 5.57956 6.37996 7.18099 7.98224 
0 0.786022 1.57557 2.36786 3.16252 3.95919 4.75755 5.55742 6.35829 7.16043 7.96303 
0 0.793279 1.58822 2.38448 3.18186 3.98022 4.77939 5.57931 6.37971 7.18075 7.98202 
0 0.786104 1.57571 2.36805 3.16274 3.95943 4.7578 5.55767 6.35853 7.16067 7.96325 
0 0.793198 1.58808 2.38429 3.18164 3.97998 4.77914 5.57906 6.37947 7.18052 7.9818 
0 0.786184 1.57585 2.36824 3.16295 3.95967 4.75804 5.55792 6.35878 7.1609 7.96346 
0 0.793119 1.58794 2.38411 3.18143 3.97975 4.7789 5.57881 6.37923 7.18029 7.98159 
0 0.786262 1.57599 2.36842 3.16316 3.9599 4.75828 5.55816 6.35901 7.16112 7.96367 
0 0.793042 1.58781 2.38393 3.18122 3.97952 4.77866 5.57858 6.37899 7.18007 7.98138 
0 0.786338 1.57612 2.36859 3.16337 3.96012 4.75852 5.5584 6.35924 7.16134 7.96387 
0 0.792966 1.58768 2.38375 3.18102 3.9793 4.77843 5.57834 6.37877 7.17985 7.98118 
0 0.786413 1.57625 2.36877 3.16357 3.96034 4.75875 5.55863 6.35947 7.16156 7.96407 
0 0.792892 1.58755 2.38358 3.18082 3.97908 4.7782 5.57812 6.37854 7.17964 7.98098 
0 0.786486 1.57638 2.36894 3.16377 3.96056 4.75897 5.55885 6.35969 7.16176 7.96427 
0 0.79282 1.58742 2.38342 3.18062 3.97887 4.77798 5.57789 6.37833 7.17943 7.98079 
0 0.786557 1.57651 2.3691 3.16396 3.96077 4.75919 5.55907 6.3599 7.16197 7.96446 
0 0.79275 1.5873 2.38325 3.18043 3.97866 4.77777 5.57768 6.37811 7.17923 7.9806 
0 0.786627 1.57663 2.36926 3.16415 3.96097 4.7594 5.55929 6.36011 7.16217 7.96465 
0 0.792681 1.58718 2.3831 3.18025 3.97846 4.77756 5.57746 6.3779 7.17904 7.98041 
0 0.786695 1.57675 2.36942 3.16433 3.96118 4.75961 5.5595 6.36032 7.16236 7.96483 
0 0.792613 1.58706 2.38294 3.18006 3.97826 4.77735 5.57726 6.3777 7.17884 7.98023 
0 0.786762 1.57686 2.36957 3.16451 3.96137 4.75982 5.5597 6.36052 7.16255 7.96501 
0 0.792548 1.58694 2.38279 3.17989 3.97807 4.77715 5.57705 6.3775 7.17865 7.98006 
0 0.786827 1.57698 2.36972 3.16469 3.96156 4.76001 5.5599 6.36072 7.16274 7.96518 
0 0.792483 1.58683 2.38264 3.17971 3.97788 4.77695 5.57686 6.37731 7.17847 7.97989 
0 0.78689 1.57709 2.36987 3.16486 3.96175 4.76021 5.5601 6.36091 7.16292 7.96535 
0 0.792421 1.58672 2.38249 3.17954 3.97769 4.77676 5.57666 6.37712 7.17829 7.97972 
0 0.786952 1.5772 2.37001 3.16503 3.96193 4.7604 5.56029 6.3611 7.1631 7.96552 
0 0.792359 1.58661 2.38235 3.17938 3.97751 4.77657 5.57647 6.37693 7.17811 7.97955 
0 0.787013 1.5773 2.37015 3.16519 3.96211 4.76059 5.56047 6.36128 7.16327 7.96568 
0 0.792299 1.58651 2.38221 3.17922 3.97733 4.77639 5.57629 6.37675 7.17794 7.97939 
0 0.787072 1.57741 2.37029 3.16535 3.96229 4.76077 5.56066 6.36146 7.16344 7.96584 
0 0.792241 1.5864 2.38208 3.17906 3.97716 4.77621 5.57611 6.37658 7.17777 7.97924 
0 0.78713 1.57751 2.37042 3.16551 3.96246 4.76095 5.56084 6.36163 7.16361 7.96599 
0 0.792183 1.5863 2.38195 3.1789 3.97699 4.77603 5.57593 6.3764 7.17761 7.97908 
0 0.787187 1.57761 2.37055 3.16566 3.96262 4.76112 5.56101 6.3618 7.16377 7.96615 
0 0.792127 1.58621 2.38182 3.17875 3.97683 4.77586 5.57576 6.37623 7.17745 7.97893 
0 0.787242 1.57771 2.37068 3.16581 3.96279 4.76129 5.56118 6.36197 7.16393 7.96629 
0 0.792073 1.58611 2.38169 3.1786 3.97667 4.77569 5.57559 6.37607 7.17729 7.97879 
0 0.787296 1.5778 2.37081 3.16596 3.96294 4.76145 5.56135 6.36213 7.16408 7.96644 
0 0.792019 1.58602 2.38157 3.17846 3.97651 4.77553 5.57543 6.37591 7.17714 7.97864 
0 0.787349 1.57789 2.37093 3.1661 3.9631 4.76162 5.56151 6.36229 7.16424 7.96658 
0 0.791967 1.58593 2.38145 3.17832 3.97636 4.77537 5.57527 6.37575 7.17699 7.9785 
0 0.787401 1.57798 2.37105 3.16624 3.96325 4.76177 5.56167 6.36245 7.16438 7.96672 
0 0.791916 1.58584 2.38133 3.17818 3.97621 4.77521 5.57511 6.3756 7.17684 7.97837 
0 0.787451 1.57807 2.37116 3.16637 3.9634 4.76193 5.56182 6.3626 7.16453 7.96685 
0 0.791866 1.58575 2.38121 3.17805 3.97606 4.77506 5.57496 6.37545 7.1767 7.97823 
0 0.7875 1.57816 2.37128 3.16651 3.96355 4.76208 5.56197 6.36275 7.16467 7.96698 
0 0.791817 1.58566 2.3811 3.17792 3.97592 4.77491 5.57481 6.3753 7.17656 7.9781 
0 0.787549 1.57824 2.37139 3.16664 3.96369 4.76223 5.56212 6.3629 7.16481 7.96711 
0 0.79177 1.58558 2.38099 3.17779 3.97578 4.77476 5.57466 6.37516 7.17643 7.97798 
0 0.787596 1.57833 2.3715 3.16676 3.96383 4.76237 5.56227 6.36304 7.16494 7.96724 
0 0.791723 1.5855 2.38088 3.17766 3.97564 4.77462 5.57452 6.37501 7.17629 7.97785 
0 0.787642 1.57841 2.3716 3.16689 3.96396 4.76251 5.56241 6.36318 7.16507 7.96736 
0 0.791678 1.58542 2.38078 3.17754 3.97551 4.77448 5.57438 6.37488 7.17616 7.97773 
0 0.787686 1.57848 2.37171 3.16701 3.96409 4.76265 5.56255 6.36331 7.1652 7.96748 
0 0.791634 1.58534 2.38068 3.17742 3.97538 4.77434 5.57424 6.37474 7.17604 7.97761 
0 0.78773 1.57856 2.37181 3.16713 3.96422 4.76279 5.56268 6.36344 7.16533 7.9676 
0 0.79159 1.58526 2.38058 3.1773 3.97525 4.77421 5.57411 6.37461 7.17591 7.9775 
0 0.787773 1.57864 2.37191 3.16724 3.96435 4.76292 5.56282 6.36357 7.16545 7.96771 
0 0.791548 1.58519 2.38048 3.17719 3.97512 4.77408 5.57398 6.37448 7.17579 7.97738 
0 0.787815 1.57871 2.37201 3.16736 3.96447 4.76305 5.56294 6.3637 7.16557 7.96783 
0 0.791506 1.58512 2.38038 3.17708 3.975 4.77395 5.57385 6.37436 7.17567 7.97727 
0 0.787856 1.57878 2.3721 3.16747 3.96459 4.76317 5.56307 6.36382 7.16569 7.96794 
0 0.791466 1.58505 2.38029 3.17697 3.97488 4.77383 5.57372 6.37424 7.17556 7.97716 
0 0.787896 1.57885 2.37219 3.16758 3.96471 4.76329 5.56319 6.36394 7.1658 7.96804 
0 0.791426 1.58498 2.3802 3.17686 3.97477 4.77371 5.5736 6.37412 7.17544 7.97706 
0 0.787935 1.57892 2.37228 3.16768 3.96483 4.76341 5.56331 6.36406 7.16592 7.96815 
0 0.791388 1.58491 2.38011 3.17676 3.97465 4.77359 5.57348 6.374 7.17533 7.97695 
0 0.787974 1.57899 2.37237 3.16778 3.96494 4.76353 5.56343 6.36418 7.16602 7.96825 
0 0.79135 1.58484 2.38002 3.17665 3.97454 4.77347 5.57337 6.37389 7.17522 7.97685 
0 0.788011 1.57905 2.37246 3.16789 3.96505 4.76365 5.56355 6.36429 7.16613 7.96835 
0 0.791313 1.58478 2.37994 3.17655 3.97443 4.77336 5.57325 6.37378 7.17512 7.97675 
0 0.788047 1.57912 2.37254 3.16798 3.96515 4.76376 5.56366 6.3644 7.16624 7.96845 
0 0.791277 1.58472 2.37985 3.17646 3.97433 4.77325 5.57314 6.37367 7.17501 7.97666 
0 0.788083 1.57918 2.37262 3.16808 3.96526 4.76387 5.56377 6.36451 7.16634 7.96854 
0 0.791242 1.58465 2.37977 3.17636 3.97422 4.77314 5.57303 6.37356 7.17491 7.97656 
0 0.788118 1.57924 2.3727 3.16817 3.96536 4.76397 5.56388 6.36461 7.16644 7.96864 
0 0.791207 1.58459 2.37969 3.17627 3.97412 4.77304 5.57293 6.37346 7.17481 7.97647 
0 0.788152 1.5793 2.37278 3.16827 3.96546 4.76408 5.56398 6.36472 7.16654 7.96873 
0 0.791173 1.58453 2.37961 3.17618 3.97402 4.77293 5.57282 6.37335 7.17472 7.97638 
0 0.788185 1.57936 2.37286 3.16836 3.96556 4.76418 5.56408 6.36482 7.16663 7.96882 
0 0.791141 1.58448 2.37954 3.17609 3.97392 4.77283 5.57272 6.37326 7.17462 7.97629 
0 0.788218 1.57942 2.37293 3.16844 3.96566 4.76428 5.56418 6.36492 7.16672 7.9689 
0 0.791108 1.58442 2.37946 3.176 3.97383 4.77273 5.57262 6.37316 7.17453 7.97621 
0 0.788249 1.57947 2.37301 3.16853 3.96575 4.76438 5.56428 6.36501 7.16681 7.96899 
0 0.791077 1.58437 2.37939 3.17592 3.97374 4.77264 5.57253 6.37306 7.17444 7.97612 
0 0.78828 1.57953 2.37308 3.16861 3.96584 4.76447 5.56438 6.3651 7.1669 7.96907 
0 0.791046 1.58431 2.37932 3.17583 3.97365 4.77254 5.57243 6.37297 7.17435 7.97604 
0 0.788311 1.57958 2.37315 3.16869 3.96593 4.76457 5.56447 6.3652 7.16699 7.96915 
0 0.791016 1.58426 2.37925 3.17575 3.97356 4.77245 5.57234 6.37288 7.17427 7.97596 
0 0.78834 1.57963 2.37322 3.16877 3.96602 4.76466 5.56456 6.36529 7.16708 7.96923 
0 0.790987 1.58421 2.37918 3.17567 3.97347 4.77236 5.57225 6.37279 7.17418 7.97588 
0 0.788369 1.57968 2.37329 3.16885 3.9661 4.76474 5.56465 6.36537 7.16716 7.96931 
0 0.790958 1.58416 2.37912 3.1756 3.97339 4.77227 5.57216 6.37271 7.1741 7.97581 
0 0.788398 1.57973 2.37335 3.16893 3.96619 4.76483 5.56474 6.36546 7.16724 7.96938 
0 0.790931 1.58411 2.37905 3.17552 3.97331 4.77219 5.57208 6.37262 7.17402 7.97573 
0 0.788425 1.57978 2.37341 3.169 3.96627 4.76492 5.56482 6.36554 7.16732 7.96946 
0 0.790903 1.58406 2.37899 3.17545 3.97323 4.77211 5.57199 6.37254 7.17394 7.97566 
0 0.788452 1.57983 2.37348 3.16908 3.96635 4.765 5.56491 6.36562 7.1674 7.96953 
0 0.790876 1.58401 2.37893 3.17538 3.97315 4.77202 5.57191 6.37246 7.17387 7.97559 
0 0.788479 1.57987 2.37354 3.16915 3.96642 4.76508 5.56499 6.3657 7.16747 7.9696 
0 0.79085 1.58397 2.37887 3.17531 3.97307 4.77194 5.57183 6.37238 7.17379 7.97552 
0 0.788505 1.57992 2.3736 3.16922 3.9665 4.76516 5.56507 6.36578 7.16755 7.96967 
0 0.790825 1.58392 2.37881 3.17524 3.973 4.77186 5.57175 6.3723 7.17372 7.97545 
0 0.78853 1.57996 2.37366 3.16929 3.96657 4.76524 5.56514 6.36586 7.16762 7.96974 
0 0.7908 1.58388 2.37875 3.17517 3.97292 4.77179 5.57167 6.37223 7.17365 7.97538 
0 0.788554 1.58001 2.37371 3.16935 3.96665 4.76531 5.56522 6.36593 7.16769 7.9698 
0 0.790776 1.58384 2.3787 3.1751 3.97285 4.77171 5.5716 6.37215 7.17358 7.97532 
0 0.788578 1.58005 2.37377 3.16942 3.96672 4.76539 5.56529 6.366 7.16776 7.96987 
0 0.790752 1.5838 2.37864 3.17504 3.97278 4.77164 5.57153 6.37208 7.17351 7.97525 
0 0.788602 1.58009 2.37382 3.16948 3.96679 4.76546 5.56537 6.36608 7.16782 7.96993 
0 0.790729 1.58376 2.37859 3.17498 3.97271 4.77157 5.57145 6.37201 7.17344 7.97519 
0 0.788625 1.58013 2.37388 3.16954 3.96685 4.76553 5.56544 6.36614 7.16789 7.96999 
0 0.790706 1.58372 2.37853 3.17492 3.97264 4.7715 5.57138 6.37194 7.17338 7.97513 
0 0.788647 1.58017 2.37393 3.1696 3.96692 4.7656 5.56551 6.36621 7.16795 7.97005 
0 0.790684 1.58368 2.37848 3.17486 3.97258 4.77143 5.57132 6.37188 7.17332 7.97507 
0 0.788669 1.58021 2.37398 3.16966 3.96699 4.76566 5.56557 6.36628 7.16802 7.97011 
0 0.790662 1.58364 2.37843 3.1748 3.97252 4.77137 5.57125 6.37181 7.17325 7.97501 
0 0.788691 1.58024 2.37403 3.16972 3.96705 4.76573 5.56564 6.36634 7.16808 7.97017 
0 0.790641 1.5836 2.37838 3.17474 3.97245 4.7713 5.57118 6.37175 7.17319 7.97496 
0 0.788712 1.58028 2.37408 3.16978 3.96711 4.76579 5.5657 6.36641 7.16814 7.97023 
0 0.79062 1.58357 2.37834 3.17468 3.97239 4.77124 5.57112 6.37168 7.17313 7.9749 
0 0.788732 1.58032 2.37412 3.16983 3.96717 4.76586 5.56577 6.36647 7.1682 7.97028 
0 0.7906 1.58353 2.37829 3.17463 3.97233 4.77117 5.57106 6.37162 7.17308 7.97485 
0 0.788752 1.58035 2.37417 3.16989 3.96723 4.76592 5.56583 6.36653 7.16825 7.97033 
0 0.79058 1.5835 2.37824 3.17458 3.97227 4.77111 5.571 6.37156 7.17302 7.97479 
0 0.788772 1.58039 2.37421 3.16994 3.96729 4.76598 5.56589 6.36659 7.16831 7.97039 
0 0.790561 1.58346 2.3782 3.17452 3.97222 4.77105 5.57094 6.37151 7.17296 7.97474 
0 0.788791 1.58042 2.37426 3.16999 3.96734 4.76604 5.56595 6.36665 7.16837 7.97044 
0 0.790542 1.58343 2.37816 3.17447 3.97216 4.771 5.57088 6.37145 7.17291 7.97469 
0 0.78881 1.58045 2.3743 3.17004 3.9674 4.76609 5.56601 6.3667 7.16842 7.97049 
0 0.790523 1.5834 2.37811 3.17442 3.97211 4.77094 5.57082 6.37139 7.17286 7.97464 
0 0.788828 1.58048 2.37434 3.17009 3.96745 4.76615 5.56606 6.36676 7.16847 7.97054 
0 0.790505 1.58336 2.37807 3.17437 3.97205 4.77089 5.57077 6.37134 7.1728 7.97459 
0 0.788846 1.58052 2.37438 3.17014 3.9675 4.76621 5.56612 6.36681 7.16852 7.97058 
0 0.790488 1.58333 2.37803 3.17433 3.972 4.77083 5.57071 6.37129 7.17275 7.97455 
0 0.788863 1.58055 2.37443 3.17019 3.96756 4.76626 5.56617 6.36686 7.16857 7.97063 
0 0.790471 1.5833 2.37799 3.17428 3.97195 4.77078 5.57066 6.37123 7.17271 7.9745 
0 0.78888 1.58058 2.37446 3.17023 3.96761 4.76631 5.56622 6.36691 7.16862 7.97068 
0 0.790454 1.58327 2.37795 3.17423 3.9719 4.77073 5.57061 6.37118 7.17266 7.97446 
0 0.788897 1.5806 2.3745 3.17028 3.96765 4.76636 5.56627 6.36696 7.16867 7.97072 
0 0.790437 1.58325 2.37791 3.17419 3.97185 4.77068 5.57056 6.37113 7.17261 7.97441 
0 0.788913 1.58063 2.37454 3.17032 3.9677 4.76641 5.56632 6.36701 7.16871 7.97076 
0 0.790421 1.58322 2.37788 3.17415 3.97181 4.77063 5.57051 6.37108 7.17256 7.97437 
0 0.788929 1.58066 2.37458 3.17036 3.96775 4.76646 5.56637 6.36706 7.16876 7.97081 
0 0.790405 1.58319 2.37784 3.1741 3.97176 4.77058 5.57046 6.37104 7.17252 7.97433 
0 0.788944 1.58069 2.37461 3.1704 3.96779 4.76651 5.56642 6.36711 7.1688 7.97085 
0 0.79039 1.58316 2.37781 3.17406 3.97172 4.77053 5.57041 6.37099 7.17248 7.97429 
0 0.788959 1.58071 2.37465 3.17045 3.96784 4.76655 5.56647 6.36715 7.16885 7.97089 
0 0.790375 1.58314 2.37777 3.17402 3.97167 4.77049 5.57037 6.37095 7.17243 7.97425 
0 0.788974 1.58074 2.37468 3.17049 3.96788 4.7666 5.56651 6.3672 7.16889 7.97093 
0 0.790361 1.58311 2.37774 3.17398 3.97163 4.77044 5.57032 6.3709 7.17239 7.97421 
0 0.788989 1.58077 2.37472 3.17052 3.96793 4.76664 5.56656 6.36724 7.16893 7.97097 
0 0.790346 1.58309 2.3777 3.17394 3.97159 4.7704 5.57028 6.37086 7.17235 7.97417 
0 0.789003 1.58079 2.37475 3.17056 3.96797 4.76669 5.5666 6.36729 7.16897 7.971 
0 0.790332 1.58306 2.37767 3.17391 3.97155 4.77035 5.57023 6.37082 7.17231 7.97413 
0 0.789017 1.58082 2.37478 3.1706 3.96801 4.76673 5.56664 6.36733 7.16901 7.97104 
0 0.790319 1.58304 2.37764 3.17387 3.97151 4.77031 5.57019 6.37077 7.17227 7.97409 
0 0.78903 1.58084 2.37481 3.17064 3.96805 4.76677 5.56668 6.36737 7.16905 7.97108 
0 0.790305 1.58301 2.37761 3.17383 3.97147 4.77027 5.57015 6.37073 7.17223 7.97406 
0 0.789043 1.58086 2.37484 3.17067 3.96809 4.76681 5.56673 6.36741 7.16909 7.97111 
0 0.790292 1.58299 2.37758 3.1738 3.97143 4.77023 5.57011 6.3707 7.17219 7.97402 
0 0.789056 1.58088 2.37487 3.17071 3.96812 4.76685 5.56676 6.36745 7.16913 7.97115 
0 0.790279 1.58297 2.37755 3.17376 3.97139 4.77019 5.57007 6.37066 7.17216 7.97399 
0 0.789069 1.58091 2.3749 3.17074 3.96816 4.76689 5.5668 6.36748 7.16916 7.97118 
0 0.790267 1.58295 2.37752 3.17373 3.97135 4.77015 5.57003 6.37062 7.17212 7.97396 
0 0.789081 1.58093 2.37493 3.17077 3.9682 4.76693 5.56684 6.36752 7.1692 7.97121 
0 0.790255 1.58293 2.37749 3.1737 3.97132 4.77012 5.57 6.37058 7.17209 7.97392 
0 0.789093 1.58095 2.37496 3.17081 3.96823 4.76696 5.56688 6.36756 7.16923 7.97125 
0 0.790243 1.5829 2.37747 3.17367 3.97128 4.77008 5.56996 6.37055 7.17205 7.97389 
0 0.789105 1.58097 2.37498 3.17084 3.96827 4.767 5.56691 6.36759 7.16926 7.97128 
0 0.790231 1.58288 2.37744 3.17363 3.97125 4.77005 5.56992 6.37051 7.17202 7.97386 
0 0.789117 1.58099 2.37501 3.17087 3.9683 4.76704 5.56695 6.36763 7.1693 7.97131 
0 0.79022 1.58286 2.37741 3.1736 3.97121 4.77001 5.56989 6.37048 7.17199 7.97383 
0 0.789128 1.58101 2.37504 3.1709 3.96833 4.76707 5.56698 6.36766 7.16933 7.97134 
0 0.790209 1.58284 2.37739 3.17357 3.97118 4.76998 5.56985 6.37044 7.17196 7.9738 
0 0.789139 1.58103 2.37506 3.17093 3.96837 4.7671 5.56702 6.3677 7.16936 7.97137 
0 0.790198 1.58283 2.37736 3.17354 3.97115 4.76994 5.56982 6.37041 7.17192 7.97377 
0 0.789149 1.58105 2.37509 3.17096 3.9684 4.76714 5.56705 6.36773 7.16939 7.9714 
0 0.790187 1.58281 2.37734 3.17352 3.97112 4.76991 5.56979 6.37038 7.17189 7.97374 
0 0.78916 1.58107 2.37511 3.17099 3.96843 4.76717 5.56708 6.36776 7.16942 7.97142 
0 0.790177 1.58279 2.37731 3.17349 3.97109 4.76988 5.56976 6.37035 7.17186 7.97372 
0 0.78917 1.58108 2.37513 3.17101 3.96846 4.7672 5.56712 6.36779 7.16945 7.97145 
0 0.790167 1.58277 2.37729 3.17346 3.97106 4.76985 5.56973 6.37032 7.17184 7.97369 
0 0.78918 1.5811 2.37516 3.17104 3.96849 4.76723 5.56715 6.36782 7.16948 7.97148 
0 0.790157 1.58275 2.37727 3.17343 3.97103 4.76982 5.56969 6.37029 7.17181 7.97366 
0 0.78919 1.58112 2.37518 3.17107 3.96852 4.76726 5.56718 6.36785 7.16951 7.9715 
0 0.790147 1.58274 2.37724 3.17341 3.971 4.76979 5.56967 6.37026 7.17178 7.97364 
0 0.789199 1.58114 2.3752 3.17109 3.96855 4.76729 5.56721 6.36788 7.16954 7.97153 
0 0.790138 1.58272 2.37722 3.17338 3.97097 4.76976 5.56964 6.37023 7.17175 7.97361 
0 0.789209 1.58115 2.37522 3.17112 3.96857 4.76732 5.56723 6.36791 7.16956 7.97155 
0 0.790129 1.5827 2.3772 3.17336 3.97095 4.76973 5.56961 6.3702 7.17173 7.97359 
0 0.789218 1.58117 2.37524 3.17114 3.9686 4.76735 5.56726 6.36793 7.16959 7.97158 
0 0.79012 1.58269 2.37718 3.17333 3.97092 4.7697 5.56958 6.37017 7.1717 7.97356 
0 0.789227 1.58118 2.37527 3.17117 3.96863 4.76737 5.56729 6.36796 7.16961 7.9716 
0 0.790111 1.58267 2.37716 3.17331 3.97089 4.76968 5.56955 6.37015 7.17168 7.97354 
0 0.789236 1.5812 2.37529 3.17119 3.96865 4.7674 5.56732 6.36799 7.16964 7.97163 
0 0.790102 1.58266 2.37714 3.17329 3.97087 4.76965 5.56953 6.37012 7.17165 7.97352 
0 0.789244 1.58121 2.37531 3.17121 3.96868 4.76743 5.56734 6.36801 7.16966 7.97165 
0 0.790094 1.58264 2.37712 3.17326 3.97084 4.76962 5.5695 6.3701 7.17163 7.97349 
0 0.789252 1.58123 2.37532 3.17124 3.9687 4.76745 5.56737 6.36804 7.16969 7.97167 
0 0.790086 1.58263 2.3771 3.17324 3.97082 4.7696 5.56948 6.37007 7.1716 7.97347 
0 0.789261 1.58124 2.37534 3.17126 3.96872 4.76748 5.56739 6.36806 7.16971 7.97169 
0 0.790078 1.58261 2.37708 3.17322 3.9708 4.76957 5.56945 6.37005 7.17158 7.97345 
0 0.789268 1.58126 2.37536 3.17128 3.96875 4.7675 5.56742 6.36809 7.16973 7.97171 
0 0.79007 1.5826 2.37707 3.1732 3.97077 4.76955 5.56943 6.37002 7.17156 7.97343 
0 0.789276 1.58127 2.37538 3.1713 3.96877 4.76752 5.56744 6.36811 7.16975 7.97173 
0 0.790062 1.58259 2.37705 3.17318 3.97075 4.76953 5.5694 6.37 7.17154 7.97341 
0 0.789284 1.58128 2.3754 3.17132 3.96879 4.76755 5.56746 6.36813 7.16978 7.97176 
0 0.790055 1.58257 2.37703 3.17316 3.97073 4.7695 5.56938 6.36998 7.17151 7.97339 
0 0.789291 1.5813 2.37541 3.17134 3.96882 4.76757 5.56749 6.36815 7.1698 7.97177 
0 0.790047 1.58256 2.37701 3.17314 3.97071 4.76948 5.56936 6.36996 7.17149 7.97337 
0 0.789298 1.58131 2.37543 3.17136 3.96884 4.76759 5.56751 6.36818 7.16982 7.97179 
0 0.79004 1.58255 2.377 3.17312 3.97069 4.76946 5.56934 6.36993 7.17147 7.97335 
0 0.789305 1.58132 2.37545 3.17138 3.96886 4.76761 5.56753 6.3682 7.16984 7.97181 
0 0.790033 1.58254 2.37698 3.1731 3.97067 4.76944 5.56931 6.36991 7.17145 7.97333 
0 0.789312 1.58133 2.37546 3.1714 3.96888 4.76764 5.56755 6.36822 7.16986 7.97183 
0 0.790026 1.58253 2.37697 3.17308 3.97065 4.76942 5.56929 6.36989 7.17143 7.97331 
0 0.789319 1.58135 2.37548 3.17142 3.9689 4.76766 5.56757 6.36824 7.16988 7.97185 
0 0.79002 1.58251 2.37695 3.17306 3.97063 4.7694 5.56927 6.36987 7.17141 7.97329 
0 0.789326 1.58136 2.37549 3.17143 3.96892 4.76768 5.56759 6.36826 7.1699 7.97187 
0 0.790013 1.5825 2.37693 3.17305 3.97061 4.76938 5.56925 6.36985 7.1714 7.97328 
0 0.789332 1.58137 2.37551 3.17145 3.96894 4.7677 5.56761 6.36828 7.16992 7.97188 
0 0.790007 1.58249 2.37692 3.17303 3.97059 4.76936 5.56923 6.36983 7.17138 7.97326 
0 0.789339 1.58138 2.37552 3.17147 3.96895 4.76772 5.56763 6.3683 7.16993 7.9719 
0 0.79 1.58248 2.37691 3.17301 3.97057 4.76934 5.56921 6.36982 7.17136 7.97324 
0 0.789345 1.58139 2.37554 3.17148 3.96897 4.76773 5.56765 6.36832 7.16995 7.97192 
0 0.789994 1.58247 2.37689 3.173 3.97055 4.76932 5.56919 6.3698 7.17134 7.97323 
0 0.789351 1.5814 2.37555 3.1715 3.96899 4.76775 5.56767 6.36833 7.16997 7.97193 
0 0.789988 1.58246 2.37688 3.17298 3.97053 4.7693 5.56918 6.36978 7.17133 7.97321 
0 0.789357 1.58141 2.37556 3.17152 3.96901 4.76777 5.56769 6.36835 7.16998 7.97195 
0 0.789983 1.58245 2.37686 3.17296 3.97052 4.76928 5.56916 6.36976 7.17131 7.9732 
0 0.789362 1.58142 2.37558 3.17153 3.96902 4.76779 5.56771 6.36837 7.17 7.97196 
0 0.789977 1.58244 2.37685 3.17295 3.9705 4.76927 5.56914 6.36974 7.17129 7.97318 
0 0.789368 1.58143 2.37559 3.17155 3.96904 4.76781 5.56772 6.36839 7.17002 7.97198 
0 0.789971 1.58243 2.37684 3.17293 3.97048 4.76925 5.56912 6.36973 7.17128 7.97317 
0 0.789373 1.58144 2.3756 3.17156 3.96906 4.76782 5.56774 6.3684 7.17003 7.97199 
0 0.789966 1.58242 2.37683 3.17292 3.97047 4.76923 5.56911 6.36971 7.17126 7.97315 
0 0.789379 1.58145 2.37562 3.17158 3.96907 4.76784 5.56776 6.36842 7.17005 7.97201 
0 0.789961 1.58241 2.37681 3.1729 3.97045 4.76922 5.56909 6.3697 7.17125 7.97314 
0 0.789384 1.58146 2.37563 3.17159 3.96909 4.76786 5.56777 6.36843 7.17006 7.97202 
0 0.789956 1.5824 2.3768 3.17289 3.97044 4.7692 5.56907 6.36968 7.17123 7.97312 
0 0.789389 1.58147 2.37564 3.1716 3.9691 4.76787 5.56779 6.36845 7.17008 7.97204 
0 0.78995 1.58239 2.37679 3.17288 3.97042 4.76918 5.56906 6.36966 7.17122 7.97311 
0 0.789394 1.58148 2.37565 3.17162 3.96912 4.76789 5.5678 6.36847 7.17009 7.97205 
0 0.789945 1.58238 2.37678 3.17286 3.97041 4.76917 5.56904 6.36965 7.1712 7.9731 
0 0.789399 1.58149 2.37566 3.17163 3.96913 4.7679 5.56782 6.36848 7.17011 7.97206 
0 0.789941 1.58238 2.37677 3.17285 3.97039 4.76915 5.56903 6.36963 7.17119 7.97308 
0 0.789404 1.58149 2.37567 3.17164 3.96915 4.76792 5.56783 6.36849 7.17012 7.97208 
0 0.789936 1.58237 2.37676 3.17284 3.97038 4.76914 5.56901 6.36962 7.17117 7.97307 
0 0.789408 1.5815 2.37568 3.17166 3.96916 4.76793 5.56785 6.36851 7.17013 7.97209 
0 0.789931 1.58236 2.37675 3.17283 3.97037 4.76913 5.569 6.36961 7.17116 7.97306 
0 0.789413 1.58151 2.3757 3.17167 3.96917 4.76794 5.56786 6.36852 7.17015 7.9721 
0 0.789927 1.58235 2.37674 3.17281 3.97035 4.76911 5.56899 6.36959 7.17115 7.97305 
0 0.789417 1.58152 2.37571 3.17168 3.96919 4.76796 5.56788 6.36854 7.17016 7.97211 
0 0.789922 1.58234 2.37673 3.1728 3.97034 4.7691 5.56897 6.36958 7.17114 7.97304 
0 0.789422 1.58152 2.37572 3.17169 3.9692 4.76797 5.56789 6.36855 7.17017 7.97212 
0 0.789918 1.58234 2.37672 3.17279 3.97033 4.76909 5.56896 6.36957 7.17112 7.97302 
0 0.789426 1.58153 2.37573 3.1717 3.96921 4.76798 5.5679 6.36856 7.17018 7.97214 
0 0.789914 1.58233 2.37671 3.17278 3.97031 4.76907 5.56895 6.36955 7.17111 7.97301 
0 0.78943 1.58154 2.37574 3.17172 3.96922 4.768 5.56792 6.36857 7.1702 7.97215 
0 0.78991 1.58232 2.3767 3.17277 3.9703 4.76906 5.56893 6.36954 7.1711 7.973 
0 0.789434 1.58155 2.37574 3.17173 3.96924 4.76801 5.56793 6.36859 7.17021 7.97216 
0 0.789906 1.58231 2.37669 3.17276 3.97029 4.76905 5.56892 6.36953 7.17109 7.97299 
0 0.789438 1.58155 2.37575 3.17174 3.96925 4.76802 5.56794 6.3686 7.17022 7.97217 
0 0.789902 1.58231 2.37668 3.17275 3.97028 4.76904 5.56891 6.36952 7.17108 7.97298 
0 0.789442 1.58156 2.37576 3.17175 3.96926 4.76803 5.56795 6.36861 7.17023 7.97218 
0 0.789898 1.5823 2.37667 3.17274 3.97027 4.76902 5.5689 6.36951 7.17107 7.97297 
0 0.789446 1.58157 2.37577 3.17176 3.96927 4.76805 5.56796 6.36862 7.17024 7.97219 
0 0.789894 1.58229 2.37666 3.17273 3.97026 4.76901 5.56889 6.36949 7.17106 7.97296 
0 0.78945 1.58157 2.37578 3.17177 3.96928 4.76806 5.56797 6.36863 7.17025 7.9722 
0 0.789891 1.58229 2.37665 3.17272 3.97025 4.769 5.56888 6.36948 7.17105 7.97295 
0 0.789453 1.58158 2.37579 3.17178 3.96929 4.76807 5.56799 6.36864 7.17026 7.97221 
0 0.789887 1.58228 2.37664 3.17271 3.97024 4.76899 5.56886 6.36947 7.17104 7.97294 
0 0.789457 1.58159 2.3758 3.17179 3.9693 4.76808 5.568 6.36865 7.17027 7.97222 
0 0.789884 1.58227 2.37664 3.1727 3.97023 4.76898 5.56885 6.36946 7.17103 7.97293 
0 0.78946 1.58159 2.3758 3.1718 3.96931 4.76809 5.56801 6.36866 7.17028 7.97223 
0 0.78988 1.58227 2.37663 3.17269 3.97022 4.76897 5.56884 6.36945 7.17102 7.97292 
0 0.789464 1.5816 2.37581 3.17181 3.96932 4.7681 5.56802 6.36867 7.17029 7.97224 
0 0.789877 1.58226 2.37662 3.17268 3.97021 4.76896 5.56883 6.36944 7.17101 7.97291 
0 0.789467 1.5816 2.37582 3.17181 3.96933 4.76811 5.56803 6.36868 7.1703 7.97224 
0 0.789874 1.58226 2.37661 3.17267 3.9702 4.76895 5.56882 6.36943 7.171 7.9729 
0 0.78947 1.58161 2.37583 3.17182 3.96934 4.76812 5.56804 6.36869 7.17031 7.97225 
0 0.78987 1.58225 2.37661 3.17266 3.97019 4.76894 5.56881 6.36942 7.17099 7.9729 
0 0.789473 1.58162 2.37583 3.17183 3.96935 4.76813 5.56805 6.3687 7.17032 7.97226 
0 0.789867 1.58225 2.3766 3.17265 3.97018 4.76893 5.5688 6.36941 7.17098 7.97289 
0 0.789476 1.58162 2.37584 3.17184 3.96936 4.76814 5.56806 6.36871 7.17033 7.97227 
0 0.789864 1.58224 2.37659 3.17264 3.97017 4.76892 5.56879 6.3694 7.17097 7.97288 
0 0.789479 1.58163 2.37585 3.17185 3.96937 4.76815 5.56807 6.36872 7.17034 7.97228 
0 0.789861 1.58224 2.37658 3.17264 3.97016 4.76891 5.56878 6.3694 7.17096 7.97287 
0 0.789482 1.58163 2.37586 3.17186 3.96938 4.76816 5.56808 6.36873 7.17034 7.97229 
0 0.789858 1.58223 2.37658 3.17263 3.97015 4.7689 5.56878 6.36939 7.17095 7.97286 
0 0.789485 1.58164 2.37586 3.17186 3.96939 4.76817 5.56808 6.36874 7.17035 7.97229 
0 0.789855 1.58223 2.37657 3.17262 3.97014 4.76889 5.56877 6.36938 7.17094 7.97286 
0 0.789488 1.58164 2.37587 3.17187 3.96939 4.76817 5.56809 6.36875 7.17036 7.9723 
0 0.789853 1.58222 2.37656 3.17261 3.97013 4.76888 5.56876 6.36937 7.17094 7.97285 
0 0.789491 1.58165 2.37587 3.17188 3.9694 4.76818 5.5681 6.36876 7.17037 7.97231 
0 0.78985 1.58222 2.37656 3.17261 3.97013 4.76888 5.56875 6.36936 7.17093 7.97284 
0 0.789493 1.58165 2.37588 3.17189 3.96941 4.76819 5.56811 6.36876 7.17038 7.97232 
0 0.789847 1.58221 2.37655 3.1726 3.97012 4.76887 5.56874 6.36935 7.17092 7.97283 
0 0.789496 1.58166 2.37589 3.17189 3.96942 4.7682 5.56812 6.36877 7.17038 7.97232 
0 0.789845 1.58221 2.37655 3.17259 3.97011 4.76886 5.56873 6.36935 7.17091 7.97283 
0 0.789499 1.58166 2.37589 3.1719 3.96943 4.76821 5.56813 6.36878 7.17039 7.97233 
0 0.789842 1.5822 2.37654 3.17259 3.9701 4.76885 5.56873 6.36934 7.17091 7.97282 
0 0.789501 1.58166 2.3759 3.17191 3.96943 4.76821 5.56813 6.36879 7.1704 7.97234 
0 0.78984 1.5822 2.37653 3.17258 3.9701 4.76885 5.56872 6.36933 7.1709 7.97281 
0 0.789504 1.58167 2.3759 3.17191 3.96944 4.76822 5.56814 6.3688 7.17041 7.97234 
0 0.789837 1.58219 2.37653 3.17257 3.97009 4.76884 5.56871 6.36932 7.17089 7.97281 
0 0.789506 1.58167 2.37591 3.17192 3.96945 4.76823 5.56815 6.3688 7.17041 7.97235 
0 0.789835 1.58219 2.37652 3.17257 3.97008 4.76883 5.5687 6.36932 7.17089 7.9728 
0 0.789508 1.58168 2.37592 3.17193 3.96945 4.76824 5.56816 6.36881 7.17042 7.97235 
0 0.789833 1.58219 2.37652 3.17256 3.97008 4.76882 5.5687 6.36931 7.17088 7.9728 
0 0.789511 1.58168 2.37592 3.17193 3.96946 4.76824 5.56816 6.36882 7.17043 7.97236 
0 0.78983 1.58218 2.37651 3.17255 3.97007 4.76882 5.56869 6.3693 7.17087 7.97279 
0 0.789513 1.58168 2.37593 3.17194 3.96947 4.76825 5.56817 6.36882 7.17043 7.97237 
0 0.789828 1.58218 2.37651 3.17255 3.97006 4.76881 5.56868 6.3693 7.17087 7.97278 
0 0.789515 1.58169 2.37593 3.17194 3.96947 4.76826 5.56818 6.36883 7.17044 7.97237 
0 0.789826 1.58217 2.3765 3.17254 3.97006 4.7688 5.56868 6.36929 7.17086 7.97278 
0 0.789517 1.58169 2.37594 3.17195 3.96948 4.76826 5.56818 6.36884 7.17044 7.97238 
0 0.789824 1.58217 2.3765 3.17254 3.97005 4.7688 5.56867 6.36928 7.17085 7.97277 
0 0.789519 1.5817 2.37594 3.17196 3.96949 4.76827 5.56819 6.36884 7.17045 7.97238 
0 0.789822 1.58217 2.37649 3.17253 3.97004 4.76879 5.56866 6.36928 7.17085 7.97277 
0 0.789521 1.5817 2.37595 3.17196 3.96949 4.76828 5.56819 6.36885 7.17046 7.97239 
0 0.78982 1.58216 2.37649 3.17252 3.97004 4.76878 5.56866 6.36927 7.17084 7.97276 
0 0.789523 1.5817 2.37595 3.17197 3.9695 4.76828 5.5682 6.36885 7.17046 7.97239 
0 0.789818 1.58216 2.37648 3.17252 3.97003 4.76878 5.56865 6.36926 7.17084 7.97276 
0 0.789525 1.58171 2.37595 3.17197 3.9695 4.76829 5.56821 6.36886 7.17047 7.9724 
0 0.789816 1.58216 2.37648 3.17251 3.97003 4.76877 5.56865 6.36926 7.17083 7.97275 
0 0.789527 1.58171 2.37596 3.17198 3.96951 4.76829 5.56821 6.36887 7.17047 7.9724 
0 0.789814 1.58215 2.37648 3.17251 3.97002 4.76877 5.56864 6.36925 7.17083 7.97275 
0 0.789529 1.58171 2.37596 3.17198 3.96951 4.7683 5.56822 6.36887 7.17048 7.97241 
0 0.789812 1.58215 2.37647 3.1725 3.97002 4.76876 5.56863 6.36925 7.17082 7.97274 
0 0.789531 1.58172 2.37597 3.17199 3.96952 4.7683 5.56822 6.36888 7.17048 7.97241 
0 0.78981 1.58215 2.37647 3.1725 3.97001 4.76876 5.56863 6.36924 7.17082 7.97274 
0 0.789533 1.58172 2.37597 3.17199 3.96952 4.76831 5.56823 6.36888 7.17049 7.97242 
0 0.789809 1.58214 2.37646 3.17249 3.97001 4.76875 5.56862 6.36924 7.17081 7.97273 
0 0.789534 1.58172 2.37598 3.172 3.96953 4.76832 5.56823 6.36889 7.17049 7.97242 
0 0.789807 1.58214 2.37646 3.17249 3.97 4.76875 5.56862 6.36923 7.17081 7.97273 
0 0.789536 1.58172 2.37598 3.172 3.96953 4.76832 5.56824 6.36889 7.1705 7.97243 
0 0.789805 1.58214 2.37646 3.17249 3.97 4.76874 5.56861 6.36923 7.1708 7.97272 
0 0.789538 1.58173 2.37598 3.172 3.96954 4.76833 5.56825 6.3689 7.1705 7.97243 
0 0.789804 1.58214 2.37645 3.17248 3.96999 4.76874 5.56861 6.36922 7.1708 7.97272 
0 0.789539 1.58173 2.37599 3.17201 3.96954 4.76833 5.56825 6.3689 7.17051 7.97244 
0 0.789802 1.58213 2.37645 3.17248 3.96999 4.76873 5.5686 6.36922 7.17079 7.97271 
0 0.789541 1.58173 2.37599 3.17201 3.96955 4.76834 5.56825 6.36891 7.17051 7.97244 
0 0.789801 1.58213 2.37644 3.17247 3.96998 4.76873 5.5686 6.36921 7.17079 7.97271 
0 0.789542 1.58174 2.37599 3.17202 3.96955 4.76834 5.56826 6.36891 7.17052 7.97245 
0 0.789799 1.58213 2.37644 3.17247 3.96998 4.76872 5.56859 6.36921 7.17078 7.97271 
0 0.789544 1.58174 2.376 3.17202 3.96956 4.76834 5.56826 6.36892 7.17052 7.97245 
0 0.789798 1.58212 2.37644 3.17246 3.96997 4.76872 5.56859 6.3692 7.17078 7.9727 
0 0.789545 1.58174 2.376 3.17203 3.96956 4.76835 5.56827 6.36892 7.17052 7.97245 
0 0.789796 1.58212 2.37643 3.17246 3.96997 4.76871 5.56858 6.3692 7.17078 7.9727 
0 0.789547 1.58174 2.376 3.17203 3.96957 4.76835 5.56827 6.36893 7.17053 7.97246 
0 0.789795 1.58212 2.37643 3.17246 3.96996 4.76871 5.56858 6.3692 7.17077 7.97269 
0 0.789548 1.58175 2.37601 3.17203 3.96957 4.76836 5.56828 6.36893 7.17053 7.97246 
0 0.789793 1.58212 2.37643 3.17245 3.96996 4.7687 5.56858 6.36919 7.17077 7.97269 
0 0.78955 1.58175 2.37601 3.17204 3.96957 4.76836 5.56828 6.36893 7.17054 7.97246 
0 0.789792 1.58211 2.37642 3.17245 3.96996 4.7687 5.56857 6.36919 7.17076 7.97269 
0 0.789551 1.58175 2.37601 3.17204 3.96958 4.76837 5.56829 6.36894 7.17054 7.97247 
0 0.789791 1.58211 2.37642 3.17245 3.96995 4.76869 5.56857 6.36918 7.17076 7.97268 
0 0.789552 1.58175 2.37602 3.17204 3.96958 4.76837 5.56829 6.36894 7.17054 7.97247 
0 0.789789 1.58211 2.37642 3.17244 3.96995 4.76869 5.56856 6.36918 7.17076 7.97268 
0 0.789553 1.58176 2.37602 3.17205 3.96959 4.76837 5.56829 6.36895 7.17055 7.97248 
0 0.789788 1.58211 2.37642 3.17244 3.96994 4.76869 5.56856 6.36918 7.17075 7.97268 
0 0.789555 1.58176 2.37602 3.17205 3.96959 4.76838 5.5683 6.36895 7.17055 7.97248 
0 0.789787 1.58211 2.37641 3.17244 3.96994 4.76868 5.56856 6.36917 7.17075 7.97267 
0 0.789556 1.58176 2.37603 3.17205 3.96959 4.76838 5.5683 6.36895 7.17055 7.97248 
0 0.789786 1.5821 2.37641 3.17243 3.96994 4.76868 5.56855 6.36917 7.17075 7.97267 
0 0.789557 1.58176 2.37603 3.17206 3.9696 4.76839 5.56831 6.36896 7.17056 7.97249 
0 0.789784 1.5821 2.37641 3.17243 3.96993 4.76868 5.56855 6.36916 7.17074 7.97267 
0 0.789558 1.58176 2.37603 3.17206 3.9696 4.76839 5.56831 6.36896 7.17056 7.97249 
0 0.789783 1.5821 2.3764 3.17243 3.96993 4.76867 5.56855 6.36916 7.17074 7.97266 
0 0.789559 1.58177 2.37603 3.17206 3.9696 4.76839 5.56831 6.36896 7.17056 7.97249 
0 0.789782 1.5821 2.3764 3.17242 3.96993 4.76867 5.56854 6.36916 7.17074 7.97266 
0 0.789561 1.58177 2.37604 3.17207 3.96961 4.7684 5.56832 6.36897 7.17057 7.97249 
0 0.789781 1.5821 2.3764 3.17242 3.96992 4.76867 5.56854 6.36915 7.17073 7.97266 
0 0.789562 1.58177 2.37604 3.17207 3.96961 4.7684 5.56832 6.36897 7.17057 7.9725 
0 0.78978 1.58209 2.3764 3.17242 3.96992 4.76866 5.56854 6.36915 7.17073 7.97265 
0 0.789563 1.58177 2.37604 3.17207 3.96961 4.7684 5.56832 6.36897 7.17057 7.9725 
0 0.789779 1.58209 2.37639 3.17241 3.96992 4.76866 5.56853 6.36915 7.17073 7.97265 
0 0.789564 1.58177 2.37604 3.17208 3.96962 4.76841 5.56833 6.36898 7.17058 7.9725 
0 0.789778 1.58209 2.37639 3.17241 3.96991 4.76866 5.56853 6.36914 7.17072 7.97265 
0 0.789565 1.58178 2.37605 3.17208 3.96962 4.76841 5.56833 6.36898 7.17058 7.97251 
0 0.789777 1.58209 2.37639 3.17241 3.96991 4.76865 5.56853 6.36914 7.17072 7.97265 
0 0.789566 1.58178 2.37605 3.17208 3.96962 4.76841 5.56833 6.36898 7.17058 7.97251 
0 0.789776 1.58209 2.37639 3.17241 3.96991 4.76865 5.56852 6.36914 7.17072 7.97264 
0 0.789567 1.58178 2.37605 3.17208 3.96963 4.76841 5.56833 6.36899 7.17059 7.97251 
0 0.789775 1.58208 2.37638 3.1724 3.96991 4.76865 5.56852 6.36914 7.17071 7.97264 
0 0.789568 1.58178 2.37605 3.17209 3.96963 4.76842 5.56834 6.36899 7.17059 7.97251 
0 0.789774 1.58208 2.37638 3.1724 3.9699 4.76864 5.56852 6.36913 7.17071 7.97264 
0 0.789569 1.58178 2.37605 3.17209 3.96963 4.76842 5.56834 6.36899 7.17059 7.97252 
0 0.789773 1.58208 2.37638 3.1724 3.9699 4.76864 5.56851 6.36913 7.17071 7.97264 
0 0.78957 1.58178 2.37606 3.17209 3.96963 4.76842 5.56834 6.36899 7.17059 7.97252 
0 0.789772 1.58208 2.37638 3.1724 3.9699 4.76864 5.56851 6.36913 7.17071 7.97263 
0 0.78957 1.58179 2.37606 3.17209 3.96964 4.76843 5.56835 6.369 7.1706 7.97252 
0 0.789771 1.58208 2.37638 3.17239 3.9699 4.76864 5.56851 6.36912 7.1707 7.97263 
0 0.789571 1.58179 2.37606 3.1721 3.96964 4.76843 5.56835 6.369 7.1706 7.97252 
0 0.78977 1.58208 2.37637 3.17239 3.96989 4.76863 5.56851 6.36912 7.1707 7.97263 
0 0.789572 1.58179 2.37606 3.1721 3.96964 4.76843 5.56835 6.369 7.1706 7.97252 
0 0.78977 1.58208 2.37637 3.17239 3.96989 4.76863 5.5685 6.36912 7.1707 7.97263 
0 0.789573 1.58179 2.37606 3.1721 3.96964 4.76843 5.56835 6.369 7.1706 7.97253 
0 0.789769 1.58207 2.37637 3.17239 3.96989 4.76863 5.5685 6.36912 7.1707 7.97263 
0 0.789574 1.58179 2.37607 3.1721 3.96965 4.76844 5.56836 6.36901 7.17061 7.97253 
0 0.789768 1.58207 2.37637 3.17238 3.96989 4.76863 5.5685 6.36911 7.1707 7.97262 
0 0.789575 1.58179 2.37607 3.1721 3.96965 4.76844 5.56836 6.36901 7.17061 7.97253 
0 0.789767 1.58207 2.37637 3.17238 3.96988 4.76862 5.5685 6.36911 7.17069 7.97262 
0 0.789575 1.58179 2.37607 3.17211 3.96965 4.76844 5.56836 6.36901 7.17061 7.97253 
0 0.789766 1.58207 2.37637 3.17238 3.96988 4.76862 5.56849 6.36911 7.17069 7.97262 
0 0.789576 1.5818 2.37607 3.17211 3.96965 4.76844 5.56836 6.36901 7.17061 7.97254 

