10 10 40
0 0.426667 1.70667 3.84 6.82667 10.6667 15.36 20.9067 27.3067 34.56 42.6667 
0 0.426667 1.70667 3.84 6.82667 10.6667 15.36 20.9067 27.3067 34.56 42.6667 
0 0.426667 1.70667 3.84 6.82667 10.6667 15.36 20.9067 27.3067 34.56 42.6667 
0 0.426667 1.70667 3.84 6.82667 10.6667 15.36 20.9067 27.3067 34.56 42.6667 
0 0.426667 1.70667 3.84 6.82667 10.6667 15.36 20.9067 27.3067 34.56 42.6667 
0 0.426667 1.70667 3.84 6.82667 10.6667 15.36 20.9067 27.3067 34.56 42.6667 
0 0.426667 1.70667 3.84 6.82667 10.6667 15.36 20.9067 27.3067 34.56 42.6667 
0 0.426667 1.70667 3.84 6.82667 10.6667 15.36 20.9067 27.3067 34.56 42.6667 
0 0.426667 1.70667 3.84 6.82667 10.6667 15.36 20.9067 27.3067 34.56 42.6667 
0 0.426667 1.70667 3.84 6.82667 10.6667 15.36 20.9067 27.3067 34.56 42.6667 
0 0.426667 1.70667 3.84 6.82667 10.6667 15.36 20.9067 27.3067 34.56 42.6667 

0 2.27104 4.52747 7.12959 10.2552 13.9262 18.0067 22.1147 25.3886 25.9658 19.8534 
0 2.27156 4.52755 7.12962 10.2552 13.9262 18.0067 22.1147 25.3886 25.9658 19.8521 
0 2.27164 4.52763 7.12965 10.2552 13.9262 18.0067 22.1147 25.3885 25.9656 19.852 
0 2.27167 4.52767 7.12967 10.2552 13.9262 18.0067 22.1147 25.3885 25.9656 19.8519 
0 2.27169 4.52768 7.12968 10.2552 13.9262 18.0067 22.1147 25.3885 25.9655 19.8519 
0 2.27169 4.52768 7.12969 10.2552 13.9262 18.0067 22.1147 25.3885 25.9655 19.8519 
0 2.27169 4.52768 7.12968 10.2552 13.9262 18.0067 22.1147 25.3885 25.9655 19.8519 
0 2.27167 4.52767 7.12967 10.2552 13.9262 18.0067 22.1147 25.3885 25.9656 19.8519 
0 2.27164 4.52763 7.12965 10.2552 13.9262 18.0067 22.1147 25.3885 25.9656 19.852 
0 2.27156 4.52755 7.12962 10.2552 13.9262 18.0067 22.1147 25.3886 25.9658 19.8521 
0 2.27104 4.52747 7.12959 10.2552 13.9262 18.0067 22.1147 25.3886 25.9658 19.8534 

0 2.64505 5.52148 8.4959 11.5126 14.4344 16.9614 18.6477 19.158 19.2446 23.7644 
0 2.64517 5.52152 8.49592 11.5126 14.4344 16.9614 18.6477 19.158 19.2446 23.7642 
0 2.64523 5.52158 8.49595 11.5126 14.4344 16.9614 18.6476 19.1579 19.2444 23.764 
0 2.64526 5.52162 8.49598 11.5126 14.4344 16.9614 18.6476 19.1578 19.2443 23.7639 
0 2.64528 5.52164 8.49599 11.5126 14.4344 16.9614 18.6476 19.1578 19.2443 23.7639 
0 2.64528 5.52164 8.49599 11.5126 14.4344 16.9614 18.6476 19.1578 19.2442 23.7639 
0 2.64528 5.52164 8.49599 11.5126 14.4344 16.9614 18.6476 19.1578 19.2443 23.7639 
0 2.64526 5.52162 8.49598 11.5126 14.4344 16.9614 18.6476 19.1578 19.2443 23.7639 
0 2.64523 5.52158 8.49595 11.5126 14.4344 16.9614 18.6476 19.1579 19.2444 23.764 
0 2.64517 5.52152 8.49592 11.5126 14.4344 16.9614 18.6477 19.158 19.2446 23.7642 
0 2.64505 5.52148 8.4959 11.5126 14.4344 16.9614 18.6477 19.158 19.2446 23.7644 

0 2.88952 5.63151 8.28732 10.7483 12.8765 14.606 16.0677 17.6238 19.0792 15.3456 
0 2.88999 5.63157 8.28735 10.7483 12.8765 14.606 16.0677 17.6237 19.0792 15.3445 
0 2.89005 5.63164 8.28738 10.7483 12.8765 14.606 16.0677 17.6237 19.079 15.3444 
0 2.89008 5.63167 8.2874 10.7483 12.8765 14.606 16.0676 17.6236 19.079 15.3443 
0 2.89009 5.63168 8.28741 10.7483 12.8765 14.606 16.0676 17.6236 19.0789 15.3442 
0 2.89009 5.63169 8.28741 10.7483 12.8765 14.606 16.0676 17.6236 19.0789 15.3442 
0 2.89009 5.63168 8.28741 10.7483 12.8765 14.606 16.0676 17.6236 19.0789 15.3442 
0 2.89008 5.63167 8.2874 10.7483 12.8765 14.606 16.0676 17.6236 19.079 15.3443 
0 2.89005 5.63164 8.28738 10.7483 12.8765 14.606 16.0677 17.6237 19.079 15.3444 
0 2.88999 5.63157 8.28735 10.7483 12.8765 14.606 16.0677 17.6237 19.0792 15.3445 
0 2.88952 5.63151 8.28732 10.7483 12.8765 14.606 16.0677 17.6238 19.0792 15.3456 

0 2.53782 5.06116 7.40566 9.54314 11.4787 13.2111 14.6114 15.2132 14.665 17.9792 
0 2.53792 5.06121 7.40567 9.54315 11.4787 13.211 14.6114 15.2131 14.6649 17.9789 
0 2.538 5.06127 7.4057 9.54316 11.4787 13.211 14.6114 15.2131 14.6647 17.9786 
0 2.53803 5.0613 7.40572 9.54317 11.4787 13.211 14.6113 15.213 14.6646 17.9785 
0 2.53804 5.06131 7.40573 9.54317 11.4787 13.211 14.6113 15.213 14.6646 17.9785 
0 2.53804 5.06131 7.40573 9.54317 11.4787 13.211 14.6113 15.213 14.6646 17.9785 
0 2.53804 5.06131 7.40573 9.54317 11.4787 13.211 14.6113 15.213 14.6646 17.9785 
0 2.53803 5.0613 7.40572 9.54317 11.4787 13.211 14.6113 15.213 14.6646 17.9785 
0 2.538 5.06127 7.4057 9.54316 11.4787 13.211 14.6114 15.2131 14.6647 17.9786 
0 2.53792 5.06121 7.40567 9.54315 11.4787 13.211 14.6114 15.2131 14.6649 17.9789 
0 2.53782 5.06116 7.40566 9.54314 11.4787 13.2111 14.6114 15.2132 14.665 17.9792 

0 2.30222 4.49056 6.60046 8.55977 10.2817 11.6603 12.6588 13.6323 15.2892 12.9063 
0 2.30268 4.49061 6.60049 8.55978 10.2817 11.6603 12.6588 13.6322 15.2892 12.9052 
0 2.30272 4.49068 6.60051 8.55979 10.2817 11.6603 12.6587 13.6322 15.2891 12.9051 
0 2.30276 4.4907 6.60053 8.5598 10.2817 11.6603 12.6587 13.6321 15.289 12.905 
0 2.30277 4.49072 6.60054 8.5598 10.2817 11.6603 12.6587 13.6321 15.2889 12.905 
0 2.30277 4.49072 6.60055 8.5598 10.2817 11.6602 12.6587 13.6321 15.2889 12.905 
0 2.30277 4.49072 6.60054 8.5598 10.2817 11.6603 12.6587 13.6321 15.2889 12.905 
0 2.30276 4.4907 6.60053 8.5598 10.2817 11.6603 12.6587 13.6321 15.289 12.905 
0 2.30272 4.49068 6.60051 8.55979 10.2817 11.6603 12.6587 13.6322 15.2891 12.9051 
0 2.30268 4.49061 6.60049 8.55978 10.2817 11.6603 12.6588 13.6322 15.2892 12.9052 
0 2.30222 4.49056 6.60046 8.55977 10.2817 11.6603 12.6588 13.6323 15.2892 12.9063 

0 2.02212 4.02865 5.90035 7.60363 9.11453 10.4619 11.6987 12.5558 12.0883 14.7283 
0 2.02229 4.02871 5.90037 7.60364 9.11453 10.4619 11.6986 12.5558 12.0882 14.7279 
0 2.02238 4.02879 5.9004 7.60365 9.11453 10.4619 11.6986 12.5557 12.088 14.7277 
0 2.02241 4.02882 5.90042 7.60366 9.11452 10.4618 11.6986 12.5557 12.0879 14.7276 
0 2.02242 4.02884 5.90043 7.60366 9.11452 10.4618 11.6986 12.5556 12.0879 14.7276 
0 2.02242 4.02884 5.90043 7.60366 9.11452 10.4618 11.6986 12.5556 12.0879 14.7275 
0 2.02242 4.02884 5.90043 7.60366 9.11452 10.4618 11.6986 12.5556 12.0879 14.7276 
0 2.02241 4.02882 5.90042 7.60366 9.11452 10.4618 11.6986 12.5557 12.0879 14.7276 
0 2.02238 4.02879 5.9004 7.60365 9.11453 10.4619 11.6986 12.5557 12.088 14.7277 
0 2.02229 4.02871 5.90037 7.60364 9.11453 10.4619 11.6986 12.5558 12.0882 14.7279 
0 2.02212 4.02865 5.90035 7.60363 9.11453 10.4619 11.6987 12.5558 12.0883 14.7283 

0 1.83514 3.58522 5.26965 6.84346 8.27924 9.51316 10.423 11.1471 12.7848 11.2767 
0 1.83553 3.58527 5.26967 6.84347 8.27924 9.51315 10.423 11.1471 12.7848 11.2757 
0 1.83556 3.58532 5.26969 6.84348 8.27924 9.51314 10.423 11.147 12.7847 11.2757 
0 1.83559 3.58535 5.26971 6.84349 8.27924 9.51313 10.4229 11.147 12.7846 11.2756 
0 1.8356 3.58537 5.26973 6.84349 8.27923 9.51312 10.4229 11.1469 12.7846 11.2755 
0 1.83561 3.58537 5.26973 6.84349 8.27923 9.51311 10.4229 11.1469 12.7846 11.2755 
0 1.8356 3.58537 5.26973 6.84349 8.27923 9.51312 10.4229 11.1469 12.7846 11.2755 
0 1.83559 3.58535 5.26971 6.84349 8.27924 9.51313 10.4229 11.147 12.7846 11.2756 
0 1.83556 3.58532 5.26969 6.84348 8.27924 9.51314 10.423 11.147 12.7847 11.2757 
0 1.83553 3.58527 5.26967 6.84347 8.27924 9.51315 10.423 11.1471 12.7848 11.2757 
0 1.83514 3.58522 5.26965 6.84346 8.27924 9.51316 10.423 11.1471 12.7848 11.2767 

0 1.62961 3.24999 4.78343 6.20924 7.48743 8.61648 9.69955 10.6923 10.4185 12.6148 
0 1.62982 3.25005 4.78345 6.20925 7.48743 8.61648 9.69955 10.6923 10.4184 12.6143 
0 1.62991 3.25012 4.78348 6.20926 7.48743 8.61647 9.69952 10.6922 10.4182 12.6141 
0 1.62993 3.25016 4.7835 6.20927 7.48742 8.61645 9.69949 10.6922 10.4181 12.614 
0 1.62995 3.25017 4.78351 6.20927 7.48742 8.61644 9.69947 10.6921 10.4181 12.614 
0 1.62995 3.25017 4.78352 6.20927 7.48742 8.61644 9.69947 10.6921 10.4181 12.614 
0 1.62995 3.25017 4.78351 6.20927 7.48742 8.61644 9.69947 10.6921 10.4181 12.614 
0 1.62993 3.25016 4.7835 6.20927 7.48742 8.61645 9.69949 10.6922 10.4181 12.614 
0 1.62991 3.25012 4.78348 6.20926 7.48743 8.61647 9.69952 10.6922 10.4182 12.6141 
0 1.62982 3.25005 4.78345 6.20925 7.48743 8.61648 9.69955 10.6923 10.4184 12.6143 
0 1.62961 3.24999 4.78343 6.20924 7.48743 8.61648 9.69955 10.6923 10.4185 12.6148 

0 1.50534 2.95328 4.35305 5.66762 6.89387 8.01568 8.91218 9.52625 11.0716 10.1637 
0 1.50571 2.95333 4.35307 5.66763 6.89387 8.01568 8.91217 9.5262 11.0716 10.1628 
0 1.50575 2.95339 4.3531 5.66764 6.89387 8.01566 8.91215 9.52615 11.0715 10.1627 
0 1.50578 2.95342 4.35312 5.66765 6.89386 8.01565 8.91212 9.52609 11.0714 10.1626 
0 1.5058 2.95344 4.35313 5.66765 6.89386 8.01564 8.9121 9.52607 11.0714 10.1625 
0 1.5058 2.95344 4.35313 5.66765 6.89386 8.01564 8.91209 9.52604 11.0713 10.1625 
0 1.5058 2.95344 4.35313 5.66765 6.89386 8.01564 8.9121 9.52607 11.0714 10.1625 
0 1.50578 2.95342 4.35312 5.66765 6.89386 8.01565 8.91212 9.52609 11.0714 10.1626 
0 1.50575 2.95339 4.3531 5.66764 6.89387 8.01566 8.91215 9.52615 11.0715 10.1627 
0 1.50571 2.95333 4.35307 5.66763 6.89387 8.01568 8.91217 9.5262 11.0716 10.1628 
0 1.50534 2.95328 4.35305 5.66762 6.89387 8.01568 8.91218 9.52625 11.0716 10.1637 

0 1.36298 2.71816 4.01469 5.24654 6.37849 7.38268 8.34519 9.39064 9.3104 11.1911 
0 1.36321 2.71823 4.01471 5.24654 6.3785 7.38268 8.34518 9.39063 9.3103 11.1906 
0 1.3633 2.7183 4.01474 5.24655 6.37849 7.38267 8.34516 9.39057 9.31013 11.1904 
0 1.36333 2.71833 4.01476 5.24656 6.37849 7.38266 8.34513 9.39052 9.31007 11.1903 
0 1.36334 2.71834 4.01477 5.24657 6.37849 7.38265 8.34511 9.39048 9.31001 11.1903 
0 1.36334 2.71835 4.01477 5.24657 6.37849 7.38264 8.3451 9.39048 9.31002 11.1903 
0 1.36334 2.71834 4.01477 5.24657 6.37849 7.38265 8.34511 9.39048 9.31001 11.1903 
0 1.36333 2.71833 4.01476 5.24656 6.37849 7.38266 8.34513 9.39052 9.31007 11.1903 
0 1.3633 2.7183 4.01474 5.24655 6.37849 7.38267 8.34516 9.39057 9.31013 11.1904 
0 1.36321 2.71823 4.01471 5.24654 6.3785 7.38268 8.34518 9.39063 9.3103 11.1906 
0 1.36298 2.71816 4.01469 5.24654 6.37849 7.38268 8.34519 9.39064 9.3104 11.1911 

0 1.27811 2.51938 3.72896 4.87393 5.9548 6.98456 7.88189 8.45601 9.89294 9.41108 
0 1.27847 2.51943 3.72899 4.87394 5.95481 6.98456 7.88188 8.45597 9.89296 9.41017 
0 1.27851 2.51949 3.72902 4.87395 5.95481 6.98455 7.88186 8.45592 9.89281 9.41008 
0 1.27855 2.51953 3.72904 4.87396 5.9548 6.98454 7.88183 8.45585 9.89271 9.40998 
0 1.27856 2.51954 3.72905 4.87397 5.9548 6.98453 7.88181 8.45583 9.89269 9.40994 
0 1.27857 2.51955 3.72906 4.87397 5.9548 6.98452 7.8818 8.45581 9.89266 9.40993 
0 1.27856 2.51954 3.72905 4.87397 5.9548 6.98453 7.88181 8.45583 9.89269 9.40994 
0 1.27855 2.51953 3.72904 4.87396 5.9548 6.98454 7.88183 8.45585 9.89271 9.40998 
0 1.27851 2.51949 3.72902 4.87395 5.95481 6.98455 7.88186 8.45592 9.89281 9.41008 
0 1.27847 2.51943 3.72899 4.87394 5.95481 6.98456 7.88188 8.45597 9.89296 9.41017 
0 1.27811 2.51938 3.72896 4.87393 5.9548 6.98456 7.88189 8.45601 9.89294 9.41108 

0 1.18283 2.35892 3.49321 4.58836 5.62155 6.55428 7.4321 8.48572 8.57375 10.2202 
0 1.18305 2.35898 3.49322 4.58837 5.62155 6.55427 7.43209 8.48571 8.57365 10.2197 
0 1.18313 2.35905 3.49325 4.58838 5.62155 6.55426 7.43207 8.48565 8.57349 10.2195 
0 1.18316 2.35908 3.49327 4.58838 5.62155 6.55425 7.43204 8.4856 8.57342 10.2194 
0 1.18317 2.35909 3.49328 4.58839 5.62154 6.55424 7.43202 8.48556 8.57337 10.2193 
0 1.18318 2.3591 3.49329 4.58839 5.62154 6.55423 7.43201 8.48556 8.57337 10.2193 
0 1.18317 2.35909 3.49328 4.58839 5.62154 6.55424 7.43202 8.48556 8.57337 10.2193 
0 1.18316 2.35908 3.49327 4.58838 5.62155 6.55425 7.43204 8.4856 8.57342 10.2194 
0 1.18313 2.35905 3.49325 4.58838 5.62155 6.55426 7.43207 8.48565 8.57349 10.2195 
0 1.18305 2.35898 3.49322 4.58837 5.62155 6.55427 7.43209 8.48571 8.57365 10.2197 
0 1.18283 2.35892 3.49321 4.58836 5.62155 6.55428 7.4321 8.48572 8.57375 10.2202 

0 1.12356 2.22336 3.30385 4.33746 5.3212 6.27884 7.1767 7.74693 9.08015 8.90759 
0 1.1239 2.22341 3.30388 4.33746 5.3212 6.27883 7.17669 7.74689 9.08017 8.90671 
0 1.12394 2.22347 3.3039 4.33747 5.3212 6.27882 7.17667 7.74683 9.08001 8.90662 
0 1.12397 2.2235 3.30392 4.33748 5.3212 6.27881 7.17664 7.74677 9.07993 8.90652 
0 1.12398 2.22351 3.30393 4.33749 5.32119 6.2788 7.17662 7.74674 9.07989 8.90648 
0 1.12399 2.22352 3.30394 4.33749 5.32119 6.2788 7.17661 7.74673 9.07987 8.90647 
0 1.12398 2.22351 3.30393 4.33749 5.32119 6.2788 7.17662 7.74674 9.07989 8.90648 
0 1.12397 2.2235 3.30392 4.33748 5.3212 6.27881 7.17664 7.74677 9.07993 8.90652 
0 1.12394 2.22347 3.3039 4.33747 5.3212 6.27882 7.17667 7.74683 9.08001 8.90662 
0 1.1239 2.22341 3.30388 4.33746 5.3212 6.27883 7.17669 7.74689 9.08017 8.90671 
0 1.12356 2.22336 3.30385 4.33746 5.3212 6.27884 7.1767 7.74693 9.08015 8.90759 

0 1.06032 2.11575 3.14059 4.14046 5.10438 5.99576 6.81812 7.85787 8.08543 9.55346 
0 1.06055 2.11581 3.14061 4.14047 5.10438 5.99576 6.81811 7.85786 8.08533 9.55289 
0 1.06063 2.11587 3.14063 4.14048 5.10438 5.99575 6.81808 7.8578 8.08518 9.55268 
0 1.06065 2.1159 3.14065 4.14048 5.10438 5.99573 6.81805 7.85775 8.08511 9.55261 
0 1.06066 2.11591 3.14066 4.14049 5.10438 5.99572 6.81803 7.85772 8.08507 9.55257 
0 1.06067 2.11592 3.14066 4.14049 5.10437 5.99572 6.81802 7.8577 8.08505 9.55255 
0 1.06066 2.11591 3.14066 4.14049 5.10438 5.99572 6.81803 7.85772 8.08507 9.55257 
0 1.06065 2.1159 3.14065 4.14048 5.10438 5.99573 6.81805 7.85775 8.08511 9.55261 
0 1.06063 2.11587 3.14063 4.14048 5.10438 5.99575 6.81808 7.8578 8.08518 9.55268 
0 1.06055 2.11581 3.14061 4.14047 5.10438 5.99576 6.81811 7.85786 8.08533 9.55289 
0 1.06032 2.11575 3.14059 4.14046 5.10438 5.99576 6.81812 7.85787 8.08543 9.55346 

0 1.01906 2.02223 3.01417 3.97377 4.89409 5.79769 6.69295 7.27705 8.51829 8.57397 
0 1.01938 2.02227 3.0142 3.97378 4.89409 5.79768 6.69294 7.27701 8.51831 8.57312 
0 1.01942 2.02233 3.01422 3.97379 4.89409 5.79767 6.69292 7.27696 8.51814 8.57302 
0 1.01945 2.02236 3.01424 3.97379 4.89409 5.79766 6.69289 7.27691 8.51807 8.57293 
0 1.01946 2.02237 3.01425 3.9738 4.89408 5.79765 6.69287 7.27687 8.51802 8.57288 
0 1.01946 2.02238 3.01426 3.9738 4.89408 5.79765 6.69286 7.27686 8.51802 8.57287 
0 1.01946 2.02237 3.01425 3.9738 4.89408 5.79765 6.69287 7.27687 8.51802 8.57288 
0 1.01945 2.02236 3.01424 3.97379 4.89409 5.79766 6.69289 7.27691 8.51807 8.57293 
0 1.01942 2.02233 3.01422 3.97379 4.89409 5.79767 6.69292 7.27696 8.51814 8.57302 
0 1.01938 2.02227 3.0142 3.97378 4.89409 5.79768 6.69294 7.27701 8.51831 8.57312 
0 1.01906 2.02223 3.01417 3.97377 4.89409 5.79769 6.69295 7.27705 8.51829 8.57397 

0 0.976724 1.95066 2.9022 3.83654 4.75105 5.61795 6.40614 7.42231 7.76324 9.09313 
0 0.976981 1.95072 2.90222 3.83655 4.75105 5.61795 6.40613 7.4223 7.76315 9.09254 
0 0.977063 1.95079 2.90224 3.83656 4.75105 5.61794 6.4061 7.42225 7.763 9.09234 
0 0.977088 1.95082 2.90226 3.83657 4.75104 5.61792 6.40608 7.42219 7.76292 9.09227 
0 0.977101 1.95083 2.90227 3.83657 4.75104 5.61791 6.40605 7.42216 7.76288 9.09222 
0 0.977105 1.95084 2.90228 3.83657 4.75104 5.61791 6.40605 7.42215 7.76287 9.09221 
0 0.977101 1.95083 2.90227 3.83657 4.75104 5.61791 6.40605 7.42216 7.76288 9.09222 
0 0.977088 1.95082 2.90226 3.83657 4.75104 5.61792 6.40608 7.42219 7.76292 9.09227 
0 0.977063 1.95079 2.90224 3.83656 4.75105 5.61794 6.4061 7.42225 7.763 9.09234 
0 0.976981 1.95072 2.90222 3.83655 4.75105 5.61795 6.40613 7.4223 7.76315 9.09254 
0 0.976724 1.95066 2.9022 3.83654 4.75105 5.61795 6.40614 7.42231 7.76324 9.09313 

0 0.948532 1.88591 2.8169 3.72665 4.60613 5.47062 6.36044 6.96624 8.12877 8.35503 
0 0.94881 1.88595 2.81692 3.72666 4.60613 5.47061 6.36044 6.9662 8.12878 8.35421 
0 0.948849 1.88601 2.81694 3.72667 4.60613 5.4706 6.36041 6.96615 8.12861 8.3541 
0 0.948882 1.88604 2.81696 3.72667 4.60612 5.47059 6.36038 6.96609 8.12854 8.354 
0 0.948893 1.88605 2.81697 3.72668 4.60612 5.47058 6.36036 6.96606 8.12849 8.35396 
0 0.948897 1.88605 2.81698 3.72668 4.60612 5.47058 6.36035 6.96605 8.12849 8.35395 
0 0.948893 1.88605 2.81697 3.72668 4.60612 5.47058 6.36036 6.96606 8.12849 8.35396 
0 0.948882 1.88604 2.81696 3.72667 4.60612 5.47059 6.36038 6.96609 8.12854 8.354 
0 0.948849 1.88601 2.81694 3.72667 4.60613 5.4706 6.36041 6.96615 8.12861 8.3541 
0 0.94881 1.88595 2.81692 3.72666 4.60613 5.47061 6.36044 6.9662 8.12878 8.35421 
0 0.948532 1.88591 2.8169 3.72665 4.60613 5.47062 6.36044 6.96624 8.12877 8.35503 

0 0.919719 1.8384 2.74091 3.63073 4.50978 5.36166 6.13036 7.1198 7.55197 8.77378 
0 0.919999 1.83846 2.74093 3.63074 4.50979 5.36165 6.13034 7.11979 7.55188 8.77317 
0 0.920078 1.83853 2.74095 3.63075 4.50978 5.36164 6.13032 7.11974 7.55174 8.77297 
0 0.920102 1.83856 2.74097 3.63076 4.50978 5.36163 6.13029 7.11968 7.55165 8.7729 
0 0.920115 1.83857 2.74098 3.63076 4.50978 5.36162 6.13027 7.11965 7.55162 8.77286 
0 0.920119 1.83858 2.74099 3.63076 4.50978 5.36161 6.13026 7.11963 7.55159 8.77284 
0 0.920115 1.83857 2.74098 3.63076 4.50978 5.36162 6.13027 7.11965 7.55162 8.77286 
0 0.920102 1.83856 2.74097 3.63076 4.50978 5.36163 6.13029 7.11968 7.55165 8.7729 
0 0.920078 1.83853 2.74095 3.63075 4.50978 5.36164 6.13032 7.11974 7.55174 8.77297 
0 0.919999 1.83846 2.74093 3.63074 4.50979 5.36165 6.13034 7.11979 7.55188 8.77317 
0 0.919719 1.8384 2.74091 3.63073 4.50978 5.36166 6.13036 7.1198 7.55197 8.77378 

0 0.900791 1.79361 2.68269 3.55846 4.41184 5.24886 6.13139 6.76133 7.85782 8.21289 
0 0.901091 1.79366 2.68271 3.55847 4.41184 5.24886 6.13138 6.76129 7.85783 8.21208 
0 0.901141 1.79373 2.68274 3.55848 4.41184 5.24884 6.13135 6.76123 7.85765 8.21197 
0 0.901176 1.79376 2.68276 3.55849 4.41184 5.24883 6.13133 6.76118 7.85759 8.21187 
0 0.901189 1.79378 2.68277 3.55849 4.41184 5.24882 6.1313 6.76114 7.85753 8.21183 
0 0.901192 1.79378 2.68277 3.55849 4.41183 5.24882 6.1313 6.76114 7.85754 8.21182 
0 0.901189 1.79378 2.68277 3.55849 4.41184 5.24882 6.1313 6.76114 7.85753 8.21183 
0 0.901176 1.79376 2.68276 3.55849 4.41184 5.24883 6.13133 6.76118 7.85759 8.21187 
0 0.901141 1.79373 2.68274 3.55848 4.41184 5.24884 6.13135 6.76123 7.85765 8.21197 
0 0.901091 1.79366 2.68271 3.55847 4.41184 5.24886 6.13138 6.76129 7.85783 8.21208 
0 0.900791 1.79361 2.68269 3.55846 4.41184 5.24886 6.13139 6.76133 7.85782 8.21289 

0 0.880946 1.762 2.63164 3.49154 4.34519 5.18733 5.94626 6.90926 7.41452 8.55116 
0 0.881219 1.76206 2.63166 3.49154 4.3452 5.18732 5.94624 6.90924 7.41443 8.55053 
0 0.881293 1.76212 2.63169 3.49155 4.34519 5.18731 5.94622 6.9092 7.4143 8.55034 
0 0.881318 1.76215 2.63171 3.49156 4.34519 5.1873 5.94618 6.90913 7.4142 8.55026 
0 0.881332 1.76216 2.63172 3.49157 4.34519 5.18729 5.94617 6.90911 7.41418 8.55022 
0 0.881336 1.76217 2.63172 3.49157 4.34519 5.18728 5.94616 6.90908 7.41414 8.55021 
0 0.881332 1.76216 2.63172 3.49157 4.34519 5.18729 5.94617 6.90911 7.41418 8.55022 
0 0.881318 1.76215 2.63171 3.49156 4.34519 5.1873 5.94618 6.90913 7.4142 8.55026 
0 0.881293 1.76212 2.63169 3.49155 4.34519 5.18731 5.94622 6.9092 7.4143 8.55034 
0 0.881219 1.76206 2.63166 3.49154 4.3452 5.18732 5.94624 6.90924 7.41443 8.55053 
0 0.880946 1.762 2.63164 3.49154 4.34519 5.18733 5.94626 6.90926 7.41452 8.55116 

0 0.868485 1.73119 2.59152 3.44388 4.28063 5.09889 5.97319 6.62688 7.66863 8.1218 
0 0.868771 1.73124 2.59155 3.44389 4.28063 5.09889 5.97319 6.62685 7.66863 8.121 
0 0.868821 1.7313 2.59157 3.44389 4.28063 5.09888 5.97316 6.62679 7.66846 8.12089 
0 0.868855 1.73133 2.59159 3.4439 4.28063 5.09886 5.97313 6.62674 7.6684 8.12079 
0 0.868867 1.73135 2.5916 3.44391 4.28062 5.09885 5.97311 6.6267 7.66833 8.12075 
0 0.86887 1.73135 2.5916 3.44391 4.28062 5.09885 5.97311 6.6267 7.66834 8.12074 
0 0.868867 1.73135 2.5916 3.44391 4.28062 5.09885 5.97311 6.6267 7.66833 8.12075 
0 0.868855 1.73133 2.59159 3.4439 4.28063 5.09886 5.97313 6.62674 7.6684 8.12079 
0 0.868821 1.7313 2.59157 3.44389 4.28063 5.09888 5.97316 6.62679 7.66846 8.12089 
0 0.868771 1.73124 2.59155 3.44389 4.28063 5.09889 5.97319 6.62685 7.66863 8.121 
0 0.868485 1.73119 2.59152 3.44388 4.28063 5.09889 5.97319 6.62688 7.66863 8.1218 

0 0.854604 1.70998 2.55751 3.39748 4.23304 5.06842 5.8238 6.7623 7.32601 8.3952 
0 0.854893 1.71005 2.55753 3.39749 4.23304 5.06842 5.82378 6.76228 7.32593 8.39456 
0 0.854967 1.71011 2.55756 3.3975 4.23304 5.06841 5.82376 6.76223 7.32579 8.39437 
0 0.854993 1.71014 2.55758 3.39751 4.23304 5.06839 5.82373 6.76217 7.3257 8.3943 
0 0.855007 1.71016 2.55759 3.39751 4.23304 5.06838 5.82371 6.76214 7.32567 8.39426 
0 0.855011 1.71016 2.5576 3.39751 4.23304 5.06838 5.8237 6.76213 7.32565 8.39424 
0 0.855007 1.71016 2.55759 3.39751 4.23304 5.06838 5.82371 6.76214 7.32567 8.39426 
0 0.854993 1.71014 2.55758 3.39751 4.23304 5.06839 5.82373 6.76217 7.3257 8.3943 
0 0.854967 1.71011 2.55756 3.3975 4.23304 5.06841 5.82376 6.76223 7.32579 8.39437 
0 0.854893 1.71005 2.55753 3.39749 4.23304 5.06842 5.82378 6.76228 7.32593 8.39456 
0 0.854604 1.70998 2.55751 3.39748 4.23304 5.06842 5.8238 6.7623 7.32601 8.3952 

0 0.846516 1.68894 2.52967 3.36576 4.1919 4.99775 5.8636 6.53926 7.53596 8.0644 
0 0.846806 1.68899 2.52969 3.36577 4.1919 4.99775 5.8636 6.53923 7.53596 8.06361 
0 0.846861 1.68906 2.52972 3.36578 4.1919 4.99774 5.86357 6.53917 7.53578 8.06349 
0 0.846895 1.68909 2.52974 3.36578 4.1919 4.99773 5.86354 6.53912 7.53572 8.0634 
0 0.846907 1.68911 2.52975 3.36579 4.19189 4.99772 5.86352 6.53908 7.53566 8.06336 
0 0.846911 1.68911 2.52975 3.36579 4.19189 4.99771 5.86351 6.53908 7.53567 8.06335 
0 0.846907 1.68911 2.52975 3.36579 4.19189 4.99772 5.86352 6.53908 7.53566 8.06336 
0 0.846895 1.68909 2.52974 3.36578 4.1919 4.99773 5.86354 6.53912 7.53572 8.0634 
0 0.846861 1.68906 2.52972 3.36578 4.1919 4.99774 5.86357 6.53917 7.53578 8.06349 
0 0.846806 1.68899 2.52969 3.36577 4.1919 4.99775 5.8636 6.53923 7.53596 8.06361 
0 0.846516 1.68894 2.52967 3.36576 4.1919 4.99775 5.8636 6.53926 7.53596 8.0644 

0 0.836809 1.6746 2.50716 3.33396 4.15673 4.98708 5.74271 6.65935 7.26978 8.28538 
0 0.837078 1.67466 2.50718 3.33397 4.15673 4.98708 5.7427 6.65933 7.2697 8.28473 
0 0.837146 1.67472 2.50721 3.33398 4.15673 4.98707 5.74267 6.65928 7.26957 8.28454 
0 0.837171 1.67475 2.50723 3.33399 4.15673 4.98705 5.74264 6.65921 7.26947 8.28447 
0 0.837184 1.67477 2.50724 3.33399 4.15673 4.98704 5.74263 6.65919 7.26945 8.28442 
0 0.837188 1.67477 2.50724 3.33399 4.15673 4.98704 5.74261 6.65917 7.26941 8.28441 
0 0.837184 1.67477 2.50724 3.33399 4.15673 4.98704 5.74263 6.65919 7.26945 8.28442 
0 0.837171 1.67475 2.50723 3.33399 4.15673 4.98705 5.74264 6.65921 7.26947 8.28447 
0 0.837146 1.67472 2.50721 3.33398 4.15673 4.98707 5.74267 6.65928 7.26957 8.28454 
0 0.837078 1.67466 2.50718 3.33397 4.15673 4.98708 5.7427 6.65933 7.2697 8.28473 
0 0.836809 1.6746 2.50716 3.33396 4.15673 4.98708 5.74271 6.65935 7.26978 8.28538 

0 0.831542 1.66034 2.48776 3.31249 4.1318 4.92977 5.7874 6.48267 7.44249 8.02904 
0 0.831851 1.66039 2.48779 3.3125 4.1318 4.92977 5.7874 6.48264 7.44248 8.02827 
0 0.831908 1.66046 2.48781 3.31251 4.1318 4.92975 5.78737 6.48258 7.44231 8.02814 
0 0.831943 1.66049 2.48784 3.31251 4.1318 4.92974 5.78734 6.48253 7.44225 8.02805 
0 0.831955 1.66051 2.48785 3.31252 4.13179 4.92973 5.78732 6.48249 7.44219 8.02801 
0 0.831959 1.66051 2.48785 3.31252 4.13179 4.92973 5.78731 6.48249 7.44219 8.02799 
0 0.831955 1.66051 2.48785 3.31252 4.13179 4.92973 5.78732 6.48249 7.44219 8.02801 
0 0.831943 1.66049 2.48784 3.31251 4.1318 4.92974 5.78734 6.48253 7.44225 8.02805 
0 0.831908 1.66046 2.48781 3.31251 4.1318 4.92975 5.78737 6.48258 7.44231 8.02814 
0 0.831851 1.66039 2.48779 3.3125 4.1318 4.92977 5.7874 6.48264 7.44248 8.02827 
0 0.831542 1.66034 2.48776 3.31249 4.1318 4.92977 5.7874 6.48267 7.44249 8.02904 

0 0.824784 1.65055 2.47291 3.29107 4.1049 4.93124 5.68934 6.58692 7.23471 8.20761 
0 0.825036 1.6506 2.47293 3.29107 4.1049 4.93124 5.68932 6.5869 7.23463 8.20695 
0 0.825102 1.65066 2.47296 3.29108 4.1049 4.93123 5.6893 6.58685 7.2345 8.20677 
0 0.825127 1.65069 2.47298 3.29109 4.1049 4.93121 5.68927 6.58678 7.2344 8.20669 
0 0.825141 1.65071 2.47299 3.2911 4.10489 4.93121 5.68925 6.58676 7.23438 8.20665 
0 0.825144 1.65071 2.47299 3.2911 4.10489 4.9312 5.68924 6.58674 7.23435 8.20663 
0 0.825141 1.65071 2.47299 3.2911 4.10489 4.93121 5.68925 6.58676 7.23438 8.20665 
0 0.825127 1.65069 2.47298 3.29109 4.1049 4.93121 5.68927 6.58678 7.2344 8.20669 
0 0.825102 1.65066 2.47296 3.29108 4.1049 4.93123 5.6893 6.58685 7.2345 8.20677 
0 0.825036 1.6506 2.47293 3.29107 4.1049 4.93124 5.68932 6.5869 7.23463 8.20695 
0 0.824784 1.65055 2.47291 3.29107 4.1049 4.93124 5.68934 6.58692 7.23471 8.20761 

0 0.821351 1.64097 2.45941 3.27616 4.09101 4.88425 5.7342 6.44656 7.37628 8.00796 
0 0.821659 1.64102 2.45943 3.27617 4.09101 4.88424 5.73419 6.44653 7.37628 8.00719 
0 0.821715 1.64108 2.45946 3.27618 4.09101 4.88423 5.73416 6.44647 7.3761 8.00707 
0 0.821747 1.64111 2.45948 3.27619 4.091 4.88422 5.73414 6.44642 7.37605 8.00697 
0 0.821759 1.64113 2.45949 3.27619 4.091 4.88421 5.73411 6.44638 7.37597 8.00693 
0 0.821763 1.64113 2.45949 3.2762 4.091 4.88421 5.73411 6.44638 7.37599 8.00692 
0 0.821759 1.64113 2.45949 3.27619 4.091 4.88421 5.73411 6.44638 7.37597 8.00693 
0 0.821747 1.64111 2.45948 3.27619 4.091 4.88422 5.73414 6.44642 7.37605 8.00697 
0 0.821715 1.64108 2.45946 3.27618 4.09101 4.88423 5.73416 6.44647 7.3761 8.00707 
0 0.821659 1.64102 2.45943 3.27617 4.09101 4.88424 5.73419 6.44653 7.37628 8.00719 
0 0.821351 1.64097 2.45941 3.27616 4.09101 4.88425 5.7342 6.44656 7.37628 8.00796 

0 0.816664 1.6342 2.44959 3.2621 4.06977 4.89276 5.65447 6.53571 7.2134 8.15221 
0 0.816908 1.63426 2.44961 3.26211 4.06977 4.89276 5.65446 6.53569 7.21332 8.15154 
0 0.816974 1.63432 2.44964 3.26212 4.06977 4.89275 5.65444 6.53564 7.21319 8.15137 
0 0.817 1.63435 2.44966 3.26212 4.06977 4.89273 5.6544 6.53557 7.21308 8.15129 
0 0.817014 1.63436 2.44967 3.26213 4.06977 4.89272 5.65439 6.53556 7.21308 8.15125 
0 0.817017 1.63437 2.44967 3.26213 4.06976 4.89272 5.65437 6.53553 7.21303 8.15123 
0 0.817014 1.63436 2.44967 3.26213 4.06977 4.89272 5.65439 6.53556 7.21308 8.15125 
0 0.817 1.63435 2.44966 3.26212 4.06977 4.89273 5.6544 6.53557 7.21308 8.15129 
0 0.816974 1.63432 2.44964 3.26212 4.06977 4.89275 5.65444 6.53564 7.21319 8.15137 
0 0.816908 1.63426 2.44961 3.26211 4.06977 4.89276 5.65446 6.53569 7.21332 8.15154 
0 0.816664 1.6342 2.44959 3.2621 4.06977 4.89276 5.65447 6.53571 7.2134 8.15221 

0 0.814349 1.62781 2.44024 3.2514 4.06325 4.85392 5.69686 6.4239 7.32912 7.996 
0 0.814691 1.62786 2.44026 3.25141 4.06325 4.85391 5.69686 6.42387 7.32912 7.99525 
0 0.814751 1.62793 2.44029 3.25142 4.06325 4.8539 5.69683 6.42381 7.32894 7.99512 
0 0.814785 1.62797 2.44031 3.25143 4.06324 4.85389 5.6968 6.42376 7.32888 7.99502 
0 0.814798 1.62798 2.44032 3.25143 4.06324 4.85388 5.69678 6.42372 7.32882 7.99498 
0 0.814802 1.62799 2.44033 3.25143 4.06324 4.85387 5.69677 6.42372 7.32883 7.99497 
0 0.814798 1.62798 2.44032 3.25143 4.06324 4.85388 5.69678 6.42372 7.32882 7.99498 
0 0.814785 1.62797 2.44031 3.25143 4.06324 4.85389 5.6968 6.42376 7.32888 7.99502 
0 0.814751 1.62793 2.44029 3.25142 4.06325 4.8539 5.69683 6.42381 7.32894 7.99512 
0 0.814691 1.62786 2.44026 3.25141 4.06325 4.85391 5.69686 6.42387 7.32912 7.99525 
0 0.814349 1.62781 2.44024 3.2514 4.06325 4.85392 5.69686 6.4239 7.32912 7.996 

0 0.811169 1.6231 2.43368 3.24252 4.04603 4.86612 5.63193 6.4993 7.20093 8.1125 
0 0.811416 1.62316 2.43371 3.24252 4.04603 4.86611 5.63191 6.49928 7.20086 8.11183 
0 0.811487 1.62322 2.43374 3.24254 4.04603 4.8661 5.63189 6.49923 7.20072 8.11166 
0 0.811515 1.62326 2.43376 3.24254 4.04602 4.86609 5.63186 6.49917 7.20063 8.11158 
0 0.811529 1.62327 2.43377 3.24255 4.04602 4.86608 5.63184 6.49914 7.2006 8.11153 
0 0.811533 1.62328 2.43377 3.24255 4.04602 4.86607 5.63183 6.49913 7.20057 8.11152 
0 0.811529 1.62327 2.43377 3.24255 4.04602 4.86608 5.63184 6.49914 7.2006 8.11153 
0 0.811515 1.62326 2.43376 3.24254 4.04602 4.86609 5.63186 6.49917 7.20063 8.11158 
0 0.811487 1.62322 2.43374 3.24254 4.04603 4.8661 5.63189 6.49923 7.20072 8.11166 
0 0.811416 1.62316 2.43371 3.24252 4.04603 4.86611 5.63191 6.49928 7.20086 8.11183 
0 0.811169 1.6231 2.43368 3.24252 4.04603 4.86612 5.63193 6.4993 7.20093 8.1125 

0 0.809625 1.61889 2.4273 3.23454 4.04429 4.83383 5.67051 6.41 7.29533 7.98979 
0 0.80995 1.61894 2.42732 3.23455 4.0443 4.83382 5.67051 6.40997 7.29532 7.98904 
0 0.810004 1.61901 2.42735 3.23456 4.0443 4.83381 5.67048 6.40991 7.29514 7.98891 
0 0.810037 1.61904 2.42737 3.23456 4.04429 4.8338 5.67045 6.40987 7.29508 7.98881 
0 0.810049 1.61905 2.42738 3.23457 4.04429 4.83379 5.67043 6.40982 7.29502 7.98877 
0 0.810053 1.61906 2.42738 3.23457 4.04429 4.83379 5.67043 6.40982 7.29503 7.98876 
0 0.810049 1.61905 2.42738 3.23457 4.04429 4.83379 5.67043 6.40982 7.29502 7.98877 
0 0.810037 1.61904 2.42737 3.23456 4.04429 4.8338 5.67045 6.40987 7.29508 7.98881 
0 0.810004 1.61901 2.42735 3.23456 4.0443 4.83381 5.67048 6.40991 7.29514 7.98891 
0 0.80995 1.61894 2.42732 3.23455 4.0443 4.83382 5.67051 6.40997 7.29532 7.98904 
0 0.809625 1.61889 2.4273 3.23454 4.04429 4.83383 5.67051 6.41 7.29533 7.98979 

0 0.807463 1.61559 2.42284 3.22927 4.03004 4.84757 5.61754 6.47326 7.19408 8.08385 
0 0.807716 1.61565 2.42286 3.22928 4.03004 4.84756 5.61753 6.47324 7.19401 8.08317 
0 0.807787 1.61571 2.42289 3.22929 4.03004 4.84755 5.6175 6.47319 7.19388 8.083 
0 0.807815 1.61574 2.42291 3.2293 4.03003 4.84754 5.61747 6.47313 7.19378 8.08292 
0 0.807829 1.61576 2.42292 3.2293 4.03003 4.84753 5.61745 6.4731 7.19376 8.08288 
0 0.807832 1.61576 2.42293 3.22931 4.03003 4.84753 5.61744 6.47309 7.19373 8.08287 
0 0.807829 1.61576 2.42292 3.2293 4.03003 4.84753 5.61745 6.4731 7.19376 8.08288 
0 0.807815 1.61574 2.42291 3.2293 4.03003 4.84754 5.61747 6.47313 7.19378 8.08292 
0 0.807787 1.61571 2.42289 3.22929 4.03004 4.84755 5.6175 6.47319 7.19388 8.083 
0 0.807716 1.61565 2.42286 3.22928 4.03004 4.84756 5.61753 6.47324 7.19401 8.08317 
0 0.807463 1.61559 2.42284 3.22927 4.03004 4.84757 5.61754 6.47326 7.19408 8.08385 

0 0.806378 1.61281 2.41856 3.22307 4.03131 4.82063 5.6518 6.40177 7.27095 7.98711 
0 0.806708 1.61286 2.41858 3.22308 4.03131 4.82063 5.6518 6.40174 7.27093 7.98636 
0 0.806764 1.61293 2.41861 3.22309 4.03131 4.82062 5.65177 6.40169 7.27076 7.98623 
0 0.806798 1.61296 2.41863 3.2231 4.0313 4.8206 5.65174 6.40163 7.27069 7.98613 
0 0.80681 1.61298 2.41864 3.2231 4.0313 4.82059 5.65172 6.4016 7.27064 7.98609 
0 0.806814 1.61298 2.41865 3.2231 4.0313 4.82059 5.65171 6.40159 7.27064 7.98608 
0 0.80681 1.61298 2.41864 3.2231 4.0313 4.82059 5.65172 6.4016 7.27064 7.98609 
0 0.806798 1.61296 2.41863 3.2231 4.0313 4.8206 5.65174 6.40163 7.27069 7.98613 
0 0.806764 1.61293 2.41861 3.22309 4.03131 4.82062 5.65177 6.40169 7.27076 7.98623 
0 0.806708 1.61286 2.41858 3.22308 4.03131 4.82063 5.6518 6.40174 7.27093 7.98636 
0 0.806378 1.61281 2.41856 3.22307 4.03131 4.82063 5.6518 6.40177 7.27095 7.98711 

0 0.804979 1.61051 2.41544 3.2203 4.01932 4.83457 5.60853 6.45451 7.19073 8.06303 
0 0.805219 1.61057 2.41546 3.2203 4.01932 4.83457 5.60852 6.45449 7.19067 8.06235 
0 0.805289 1.61063 2.41549 3.22031 4.01932 4.83456 5.60849 6.45443 7.19052 8.06218 
0 0.805316 1.61066 2.41551 3.22032 4.01931 4.83455 5.60846 6.45438 7.19044 8.06211 
0 0.805329 1.61067 2.41552 3.22033 4.01931 4.83454 5.60844 6.45435 7.1904 8.06206 
0 0.805332 1.61068 2.41553 3.22033 4.01931 4.83453 5.60844 6.45434 7.19039 8.06205 
0 0.805329 1.61067 2.41552 3.22033 4.01931 4.83454 5.60844 6.45435 7.1904 8.06206 
0 0.805316 1.61066 2.41551 3.22032 4.01931 4.83455 5.60846 6.45438 7.19044 8.06211 
0 0.805289 1.61063 2.41549 3.22031 4.01932 4.83456 5.60849 6.45443 7.19052 8.06218 
0 0.805219 1.61057 2.41546 3.2203 4.01932 4.83457 5.60852 6.45449 7.19067 8.06235 
0 0.804979 1.61051 2.41544 3.2203 4.01932 4.83457 5.60853 6.45451 7.19073 8.06303 

0 0.804202 1.60868 2.41267 3.21529 4.02236 4.81205 5.63842 6.39716 7.25323 7.98652 
0 0.804513 1.60873 2.41269 3.2153 4.02236 4.81205 5.63842 6.39713 7.25322 7.98577 
0 0.804565 1.6088 2.41272 3.2153 4.02236 4.81204 5.63839 6.39707 7.25305 7.98564 
0 0.804596 1.60883 2.41274 3.21531 4.02236 4.81203 5.63836 6.39702 7.25298 7.98554 
0 0.804608 1.60884 2.41275 3.21532 4.02236 4.81201 5.63834 6.39698 7.25293 7.98551 
0 0.804612 1.60884 2.41275 3.21532 4.02235 4.81201 5.63833 6.39698 7.25292 7.98549 
0 0.804608 1.60884 2.41275 3.21532 4.02236 4.81201 5.63834 6.39698 7.25293 7.98551 
0 0.804596 1.60883 2.41274 3.21531 4.02236 4.81203 5.63836 6.39702 7.25298 7.98554 
0 0.804565 1.6088 2.41272 3.2153 4.02236 4.81204 5.63839 6.39707 7.25305 7.98564 
0 0.804513 1.60873 2.41269 3.2153 4.02236 4.81205 5.63842 6.39713 7.25322 7.98577 
0 0.804202 1.60868 2.41267 3.21529 4.02236 4.81205 5.63842 6.39716 7.25323 7.98652 

0 0.80328 1.60708 2.4104 3.2142 4.01217 4.82541 5.60304 6.44091 7.18951 8.0478 
0 0.803526 1.60714 2.41042 3.21421 4.01217 4.82541 5.60303 6.44089 7.18945 8.04712 
0 0.803596 1.6072 2.41044 3.21422 4.01217 4.82539 5.603 6.44083 7.1893 8.04695 
0 0.803623 1.60723 2.41046 3.21423 4.01217 4.82538 5.60297 6.44078 7.18922 8.04687 
0 0.803636 1.60724 2.41047 3.21423 4.01217 4.82537 5.60295 6.44075 7.18918 8.04682 
0 0.803639 1.60725 2.41048 3.21423 4.01217 4.82537 5.60294 6.44074 7.18917 8.04681 
0 0.803636 1.60724 2.41047 3.21423 4.01217 4.82537 5.60295 6.44075 7.18918 8.04682 
0 0.803623 1.60723 2.41046 3.21423 4.01217 4.82538 5.60297 6.44078 7.18922 8.04687 
0 0.803596 1.6072 2.41044 3.21422 4.01217 4.82539 5.603 6.44083 7.1893 8.04695 
0 0.803526 1.60714 2.41042 3.21421 4.01217 4.82541 5.60303 6.44089 7.18945 8.04712 
0 0.80328 1.60708 2.4104 3.2142 4.01217 4.82541 5.60304 6.44091 7.18951 8.0478 

0 0.802722 1.60587 2.40869 3.21002 4.01616 4.80656 5.62878 6.39482 7.24028 7.98711 
0 0.803019 1.60591 2.40872 3.21003 4.01616 4.80655 5.62877 6.39478 7.24025 7.98637 
0 0.803069 1.60598 2.40874 3.21004 4.01616 4.80654 5.62874 6.39473 7.24009 7.98623 
0 0.803101 1.606 2.40876 3.21005 4.01616 4.80653 5.62871 6.39467 7.24001 7.98614 
0 0.803112 1.60602 2.40877 3.21005 4.01616 4.80652 5.6287 6.39465 7.23997 7.9861 
0 0.803116 1.60602 2.40878 3.21005 4.01616 4.80651 5.62869 6.39463 7.23995 7.98608 
0 0.803112 1.60602 2.40877 3.21005 4.01616 4.80652 5.6287 6.39465 7.23997 7.9861 
0 0.803101 1.606 2.40876 3.21005 4.01616 4.80653 5.62871 6.39467 7.24001 7.98614 
0 0.803069 1.60598 2.40874 3.21004 4.01616 4.80654 5.62874 6.39473 7.24009 7.98623 
0 0.803019 1.60591 2.40872 3.21003 4.01616 4.80655 5.62877 6.39478 7.24025 7.98637 
0 0.802722 1.60587 2.40869 3.21002 4.01616 4.80656 5.62878 6.39482 7.24028 7.98711 

0 0.802129 1.60476 2.40695 3.21004 4.00745 4.81889 5.59982 6.43097 7.18952 8.03657 
0 0.802379 1.60482 2.40697 3.21005 4.00745 4.81889 5.59981 6.43096 7.18946 8.03588 
0 0.802447 1.60488 2.407 3.21006 4.00745 4.81888 5.59978 6.43089 7.18931 8.03572 
0 0.802473 1.60491 2.40702 3.21007 4.00745 4.81886 5.59976 6.43085 7.18924 8.03564 
0 0.802486 1.60493 2.40703 3.21007 4.00745 4.81885 5.59973 6.4308 7.18918 8.03559 
0 0.80249 1.60493 2.40703 3.21007 4.00745 4.81885 5.59973 6.43081 7.18919 8.03559 
0 0.802486 1.60493 2.40703 3.21007 4.00745 4.81885 5.59973 6.4308 7.18918 8.03559 
0 0.802473 1.60491 2.40702 3.21007 4.00745 4.81886 5.59976 6.43085 7.18924 8.03564 
0 0.802447 1.60488 2.407 3.21006 4.00745 4.81888 5.59978 6.43089 7.18931 8.03572 
0 0.802379 1.60482 2.40697 3.21005 4.00745 4.81889 5.59981 6.43096 7.18946 8.03588 
0 0.802129 1.60476 2.40695 3.21004 4.00745 4.81889 5.59982 6.43097 7.18952 8.03657 

0 0.801681 1.60392 2.406 3.20647 4.01183 4.8031 5.62177 6.39387 7.23073 7.98831 
0 0.801998 1.60398 2.40603 3.20648 4.01184 4.8031 5.62176 6.39383 7.23069 7.98757 
0 0.802053 1.60404 2.40606 3.20649 4.01184 4.80309 5.62174 6.39378 7.23054 7.98744 
0 0.802086 1.60407 2.40608 3.20649 4.01183 4.80307 5.62171 6.39372 7.23045 7.98734 
0 0.802098 1.60409 2.40609 3.2065 4.01183 4.80306 5.62169 6.3937 7.23043 7.98731 
0 0.802102 1.60409 2.40609 3.2065 4.01183 4.80306 5.62168 6.39367 7.23039 7.98729 
0 0.802098 1.60409 2.40609 3.2065 4.01183 4.80306 5.62169 6.3937 7.23043 7.98731 
0 0.802086 1.60407 2.40608 3.20649 4.01183 4.80307 5.62171 6.39372 7.23045 7.98734 
0 0.802053 1.60404 2.40606 3.20649 4.01184 4.80309 5.62174 6.39378 7.23054 7.98744 
0 0.801998 1.60398 2.40603 3.20648 4.01184 4.8031 5.62176 6.39383 7.23069 7.98757 
0 0.801681 1.60392 2.406 3.20647 4.01183 4.8031 5.62177 6.39387 7.23073 7.98831 


